aebb3fd2-00000000 0.995635 2.374001 492.443576 247.216797 688.960404
aebb3fd2-00000000 0.946060 987.563324 408.895340 1152.671051 546.152945
aebb3fd2-00000000 0.837824 615.571022 443.787661 749.827118 528.372602
aebb3fd2-00000000 0.366042 1151.950836 433.132510 1193.205261 460.689139
aebb3fd2-00000000 0.215199 1130.914612 425.073867 1158.273010 451.906085
aebb3fd2-00000000 0.109418 892.608185 451.102195 941.757965 482.931991
aebb3fd2-00000000 0.065853 1184.312897 448.415909 1216.722870 475.713501
aebb3fd2-00000000 0.057234 973.273926 451.552334 998.075714 481.483984
aebb3fd2-00000000 0.053475 1257.599030 432.815151 1277.193909 453.710289
aebb3fd2-00000000 0.042346 1139.205170 403.117046 1158.148956 416.877337
aebb3fd2-00000000 0.032629 6.222653 456.512103 59.457836 497.586894
aebb3fd2-00000000 0.019157 759.759674 465.221300 789.922333 490.784597
aebb3fd2-00000000 0.017672 174.151497 597.836666 211.663055 654.660788
aebb3fd2-00000000 0.017381 1231.948547 454.698544 1259.123993 487.160139
aebb3fd2-00000000 0.015837 963.976746 425.128069 996.153870 464.429770
aebb3fd2-00000000 0.013917 464.994164 494.896359 556.505699 536.526561
aebb3fd2-00000000 0.013442 890.863190 422.459507 936.453094 459.511671
aebb3fd2-00000000 0.013322 830.502014 451.072025 880.127563 480.529032
aebb3fd2-00000000 0.013062 865.708237 566.042962 872.080612 570.519633
aebb3fd2-00000000 0.012708 732.218857 607.512360 738.483047 611.623135
aebb3fd2-00000000 0.011883 1164.082565 391.346526 1188.218918 411.472793
aebb3fd2-00000000 0.011701 296.320629 103.788561 360.721779 141.990470
aebb3fd2-00000000 0.011063 1120.255280 438.479333 1151.132812 488.533216
aebb3fd2-00000000 0.010417 800.884857 433.858724 819.476624 450.653300
aebb3fd2-00000000 0.010314 801.709061 569.798269 806.527328 573.262997
af38b9e7-e94ada5b 0.999661 518.546143 416.319737 1142.021484 714.654250
af38b9e7-e94ada5b 0.966814 526.994438 381.151128 750.365295 521.714673
af38b9e7-e94ada5b 0.965554 294.729729 380.970840 358.179893 426.004229
af38b9e7-e94ada5b 0.949585 384.101868 372.263961 394.885788 383.431735
af38b9e7-e94ada5b 0.939372 119.130383 386.404266 201.188145 455.362101
af38b9e7-e94ada5b 0.848608 411.849670 365.355320 568.237000 497.076674
af38b9e7-e94ada5b 0.756493 156.208076 366.096382 192.672462 382.274952
af38b9e7-e94ada5b 0.593678 253.722095 367.411995 277.619457 384.863691
af38b9e7-e94ada5b 0.555394 26.279078 370.011292 149.476233 476.699781
af38b9e7-e94ada5b 0.483948 130.603075 380.988693 197.311363 425.823641
af38b9e7-e94ada5b 0.468335 386.789284 379.853368 405.045738 403.634048
af38b9e7-e94ada5b 0.380092 409.725418 378.586335 434.715118 408.729901
af38b9e7-e94ada5b 0.366646 301.592216 359.017067 325.827332 377.288017
af38b9e7-e94ada5b 0.334236 431.895866 359.450297 445.094414 370.850844
af38b9e7-e94ada5b 0.323382 106.178131 369.104748 131.597977 384.087782
af38b9e7-e94ada5b 0.296393 254.812717 380.480061 277.563190 401.069641
af38b9e7-e94ada5b 0.166623 0.000000 363.346839 61.970840 477.148290
af38b9e7-e94ada5b 0.133170 518.178444 388.870225 760.265350 627.171578
af38b9e7-e94ada5b 0.120411 78.633428 377.165194 140.525818 431.573782
af38b9e7-e94ada5b 0.052990 554.288521 376.816077 581.311913 401.096892
af38b9e7-e94ada5b 0.045624 586.375694 366.392155 601.507988 382.962627
af38b9e7-e94ada5b 0.031219 722.679520 371.288795 746.841965 406.175880
af38b9e7-e94ada5b 0.023760 514.015770 362.998066 535.381660 374.708891
af38b9e7-e94ada5b 0.018598 12.997094 348.216648 43.193884 365.675468
af38b9e7-e94ada5b 0.018505 489.739113 384.158034 551.984291 442.586074
af38b9e7-e94ada5b 0.015620 702.548828 362.173061 722.801361 387.357931
af38b9e7-e94ada5b 0.013636 388.587418 330.624018 404.695663 344.906631
af38b9e7-e94ada5b 0.013382 531.080627 499.287930 880.256500 669.878397
ae60618a-00000000 0.993549 777.406693 321.191761 1056.238174 475.836496
ae60618a-00000000 0.982338 139.369869 319.090991 235.266132 374.832401
ae60618a-00000000 0.981418 697.032928 326.878366 825.388794 417.245636
ae60618a-00000000 0.954841 320.568314 334.668424 344.201813 353.071468
ae60618a-00000000 0.943871 503.363457 325.751946 522.840919 344.859574
ae60618a-00000000 0.905018 1020.330963 349.463210 1271.291046 585.585580
ae60618a-00000000 0.900700 594.473915 314.901080 657.172623 376.665401
ae60618a-00000000 0.888974 627.185135 316.916728 734.720230 392.655444
ae60618a-00000000 0.880877 370.075760 334.913278 386.013870 348.979039
ae60618a-00000000 0.864687 541.400719 319.401076 584.552956 354.897602
ae60618a-00000000 0.666425 228.534145 327.626660 266.175404 363.190885
ae60618a-00000000 0.388355 469.521408 331.426384 482.284622 345.719726
ae60618a-00000000 0.274758 576.530151 323.688319 617.559586 365.803356
ae60618a-00000000 0.212346 282.370300 333.811512 319.958038 359.796667
ae60618a-00000000 0.022948 0.000000 329.107990 17.860271 370.041375
ae60618a-00000000 0.022692 1034.277496 413.508997 1279.238129 621.423197
ae60618a-00000000 0.017615 186.739922 317.874298 215.221519 338.618073
ae60618a-00000000 0.016959 0.000000 285.882111 40.437999 364.073911
ae60618a-00000000 0.013713 362.823296 338.539710 386.041222 358.541780
ac985232-00000000 0.999253 873.965149 427.628489 1125.550995 601.535282
ac985232-00000000 0.987431 789.153519 435.503626 868.931961 508.013821
ac985232-00000000 0.974782 1125.311050 499.917197 1280.000000 714.489455
ac985232-00000000 0.948952 750.697021 429.426255 790.601044 471.424670
ac985232-00000000 0.873758 660.441513 433.812032 673.530045 445.704818
ac985232-00000000 0.867466 765.262451 434.064760 814.466400 483.885956
ac985232-00000000 0.822982 718.115768 432.938190 732.543106 448.829913
ac985232-00000000 0.623666 833.127213 430.360136 938.626785 546.942072
ac985232-00000000 0.179585 1205.896149 471.938539 1274.232483 532.507367
ac985232-00000000 0.061085 602.459335 425.348525 615.848770 441.224456
ac985232-00000000 0.050772 808.790817 430.352969 851.145554 454.532418
ac985232-00000000 0.039210 647.678452 415.439844 655.999527 425.895910
ac985232-00000000 0.031748 784.633713 417.858639 799.284744 429.425354
ac985232-00000000 0.028593 1107.985916 447.301826 1132.863541 494.362965
ac985232-00000000 0.027673 1216.851883 449.653759 1275.111160 525.554180
ac985232-00000000 0.023414 715.623627 415.641117 724.409180 425.693607
ac985232-00000000 0.017843 836.309509 454.821625 906.008148 536.272030
ac985232-00000000 0.010198 9.497254 489.140897 74.855671 552.926488
b0d7eaa8-c94943ff 0.015816 81.225739 404.096546 1280.000000 720.000000
b0d7eaa8-c94943ff 0.011988 0.000000 342.657588 694.493790 720.000000
b0d7eaa8-c94943ff 0.010174 701.684189 147.400990 1002.206192 258.544693
afba0fcf-00000000 0.990016 440.858116 521.759605 540.245094 587.263441
afba0fcf-00000000 0.988922 709.956055 502.405772 728.202209 519.168334
afba0fcf-00000000 0.982336 661.760635 506.305876 681.940384 523.212805
afba0fcf-00000000 0.975329 762.577209 501.385245 796.073151 531.895223
afba0fcf-00000000 0.968939 533.989944 516.673837 597.493210 567.094646
afba0fcf-00000000 0.940235 579.724846 511.058578 657.886429 565.048742
afba0fcf-00000000 0.663517 718.088913 492.126560 728.567429 502.141113
afba0fcf-00000000 0.604734 665.015945 496.969471 676.498032 504.999704
afba0fcf-00000000 0.536279 577.876968 509.760776 602.179337 527.888217
afba0fcf-00000000 0.131044 658.085022 452.156582 673.751526 461.440887
afba0fcf-00000000 0.122988 73.879232 555.122466 127.569437 608.033223
afba0fcf-00000000 0.117819 427.534065 531.181369 464.708672 570.738416
afba0fcf-00000000 0.106992 503.443108 514.003687 521.648674 530.544291
afba0fcf-00000000 0.104767 721.424103 443.380179 740.351562 454.436460
afba0fcf-00000000 0.053734 783.214417 478.469481 792.931213 490.320125
afba0fcf-00000000 0.045852 606.606598 493.058724 619.475250 504.491286
afba0fcf-00000000 0.033748 108.284197 528.858404 232.964211 591.199980
afba0fcf-00000000 0.033575 858.429718 496.019068 871.306915 523.531237
afba0fcf-00000000 0.025360 79.387503 543.195262 132.230635 585.632443
af4bcae9-00000000 0.989602 591.695862 374.171677 716.714935 472.969751
af4bcae9-00000000 0.925420 560.202293 383.445554 604.294624 421.983447
af4bcae9-00000000 0.509049 565.668449 362.562904 587.136040 377.383118
af4bcae9-00000000 0.423610 541.592331 384.276996 561.775131 408.609996
af4bcae9-00000000 0.358250 360.224876 341.211898 564.732018 515.184245
af4bcae9-00000000 0.347673 525.675735 368.234253 544.132004 384.294548
af4bcae9-00000000 0.231445 745.262680 369.464035 831.358109 452.017622
af4bcae9-00000000 0.227875 1.370344 321.270533 246.982346 546.773071
af4bcae9-00000000 0.190817 595.336761 298.507891 611.251678 310.518050
af4bcae9-00000000 0.144583 509.158173 329.591711 523.861618 342.395160
af4bcae9-00000000 0.143887 572.742462 394.121346 622.253952 443.422923
af4bcae9-00000000 0.131785 324.600525 398.251305 370.841980 452.885027
af4bcae9-00000000 0.100177 584.324036 306.854110 601.073990 324.795899
af4bcae9-00000000 0.083359 4.294491 272.900176 338.664551 549.717021
af4bcae9-00000000 0.080056 856.644440 470.287757 1014.068756 683.356519
af4bcae9-00000000 0.076073 327.869263 406.346812 355.679474 462.254691
af4bcae9-00000000 0.055096 758.798904 378.866529 795.890274 464.590788
af4bcae9-00000000 0.043971 770.445023 368.045855 800.720139 382.111874
af4bcae9-00000000 0.037800 345.961914 388.694057 374.325027 428.000050
af4bcae9-00000000 0.037233 650.052795 372.253060 667.477722 383.854365
af4bcae9-00000000 0.036936 509.091530 289.356279 530.899925 303.858318
af4bcae9-00000000 0.035073 589.598656 379.541631 686.119690 449.071269
af4bcae9-00000000 0.031511 719.866104 383.049145 744.870377 434.126301
af4bcae9-00000000 0.029287 0.000000 338.937256 136.282482 545.918369
af4bcae9-00000000 0.029223 639.948883 295.090349 659.444122 306.853015
af4bcae9-00000000 0.029133 853.234634 377.328229 882.519913 448.692069
af4bcae9-00000000 0.027211 737.383499 367.776732 754.696274 382.546048
af4bcae9-00000000 0.023924 464.471283 328.984008 483.391190 342.925057
af4bcae9-00000000 0.018369 325.154915 397.539210 354.919853 434.486318
af4bcae9-00000000 0.017646 836.764603 381.679244 872.712326 468.914552
af4bcae9-00000000 0.013234 0.000000 374.555941 38.980346 529.120703
af4bcae9-00000000 0.013145 449.567986 355.259078 487.181358 378.241553
af4bcae9-00000000 0.012101 537.667351 409.889688 560.427742 445.369177
af4bcae9-00000000 0.011445 658.561859 324.049065 673.674469 335.364940
af4bcae9-00000000 0.011117 1068.892670 385.692301 1126.913910 490.211763
aca4b150-00000000 0.976016 362.358665 350.521288 401.535606 381.764774
aca4b150-00000000 0.960266 993.106918 372.636852 1273.173447 545.276527
aca4b150-00000000 0.925534 129.417534 363.779125 197.471581 401.415968
aca4b150-00000000 0.925309 301.264210 353.938444 348.010063 386.530867
aca4b150-00000000 0.900281 428.448677 348.116140 472.208595 382.331514
aca4b150-00000000 0.881455 211.836815 346.548378 284.787712 393.638077
aca4b150-00000000 0.833930 73.694401 369.541068 126.005707 401.396871
aca4b150-00000000 0.761025 26.045897 371.813307 86.545792 408.195477
aca4b150-00000000 0.682713 176.891899 357.115166 213.171082 380.419765
aca4b150-00000000 0.616555 998.096619 368.322530 1101.964722 414.519181
aca4b150-00000000 0.611918 1039.121170 365.130444 1079.180069 381.729069
aca4b150-00000000 0.524899 864.620972 358.692133 885.841064 372.446566
aca4b150-00000000 0.503050 102.975035 363.512020 139.832315 383.749352
aca4b150-00000000 0.489756 903.058853 359.768386 924.264297 373.946328
aca4b150-00000000 0.464876 480.369186 352.300000 513.495560 380.152144
aca4b150-00000000 0.368090 307.778454 334.601455 329.812431 349.762673
aca4b150-00000000 0.191727 989.940186 363.478975 1010.758667 379.024372
aca4b150-00000000 0.191056 1092.602158 349.085448 1126.293411 373.308821
aca4b150-00000000 0.187520 788.017426 357.560756 809.191742 373.364568
aca4b150-00000000 0.157434 579.236679 355.584054 592.339859 369.302974
aca4b150-00000000 0.154899 1223.348083 365.330386 1275.631866 413.231635
aca4b150-00000000 0.139378 1227.725677 353.043165 1273.297119 378.528271
aca4b150-00000000 0.118024 972.919464 369.627800 1192.799835 524.170160
aca4b150-00000000 0.115755 255.849495 331.904912 274.007454 346.937256
aca4b150-00000000 0.112674 1173.128662 359.982233 1203.295288 376.577768
aca4b150-00000000 0.099677 297.329712 363.132219 356.416550 400.279913
aca4b150-00000000 0.093077 178.915405 340.224330 201.979523 353.431184
aca4b150-00000000 0.070899 973.851929 388.444505 1109.898682 485.203156
aca4b150-00000000 0.069222 356.406403 328.504622 391.094742 349.725058
aca4b150-00000000 0.053302 725.698242 348.926339 740.865326 369.863276
aca4b150-00000000 0.044052 640.475464 349.146259 653.174744 367.251191
aca4b150-00000000 0.039206 24.032741 367.352772 42.207623 383.033695
aca4b150-00000000 0.038606 1236.970901 371.241117 1280.000000 523.757100
aca4b150-00000000 0.037939 1033.992081 367.064724 1144.096298 413.656883
aca4b150-00000000 0.026797 225.825748 367.170982 279.557590 401.758604
aca4b150-00000000 0.025108 1175.479584 358.624005 1280.000000 538.408828
aec51649-59747496 0.999455 408.654900 283.344440 882.154541 640.763168
aec51649-59747496 0.986066 320.536537 265.773375 533.634071 438.856087
aec51649-59747496 0.982821 959.546356 288.089011 1219.585876 455.724006
aec51649-59747496 0.923941 60.302401 282.007155 334.088287 568.234735
aec51649-59747496 0.900255 1039.481812 320.530972 1280.000000 584.286876
aec51649-59747496 0.884881 901.109009 297.081707 1009.865570 402.132998
aec51649-59747496 0.801538 701.956940 277.928417 735.818481 295.292609
aec51649-59747496 0.782656 859.361877 264.205270 988.728027 312.941909
aec51649-59747496 0.774502 538.307419 260.039198 643.666916 304.508808
aec51649-59747496 0.670550 776.422501 280.972981 798.654099 296.872001
aec51649-59747496 0.668248 820.925980 280.538464 859.896774 302.094283
aec51649-59747496 0.601657 239.806862 317.980599 329.156151 381.984673
aec51649-59747496 0.563100 4.977684 343.127446 89.455652 449.716630
aec51649-59747496 0.501338 795.025024 299.949632 862.328186 400.660615
aec51649-59747496 0.496337 504.241447 274.921811 541.601143 302.592895
aec51649-59747496 0.433481 798.460617 293.491988 858.724442 351.154075
aec51649-59747496 0.400399 765.921631 294.756124 829.732666 344.929140
aec51649-59747496 0.380134 0.436130 352.669330 109.820576 524.900880
aec51649-59747496 0.280064 849.494934 267.374010 987.345276 375.247736
aec51649-59747496 0.226043 48.895960 299.905043 345.862846 405.986624
aec51649-59747496 0.183985 657.290955 280.212951 686.286621 299.072785
aec51649-59747496 0.181584 261.532822 310.717671 328.373947 353.201201
aec51649-59747496 0.166564 234.807167 311.894088 270.371971 334.680848
aec51649-59747496 0.162354 42.468300 269.124162 316.038513 383.940024
aec51649-59747496 0.136010 874.756775 301.421843 987.378845 392.808952
aec51649-59747496 0.107661 0.315404 335.689745 71.967206 403.955269
aec51649-59747496 0.071100 196.209335 315.561676 329.638557 392.953491
aec51649-59747496 0.069444 51.712036 320.098085 344.115257 480.561476
aec51649-59747496 0.065143 737.296295 254.492240 748.428040 265.617828
aec51649-59747496 0.057605 1137.560272 279.192381 1194.186707 301.371975
aec51649-59747496 0.055758 733.282623 221.307263 743.982239 232.440276
aec51649-59747496 0.046509 495.567017 276.928446 814.250031 387.950420
aec51649-59747496 0.039317 151.339569 306.242030 218.554230 348.611748
aec51649-59747496 0.036721 732.721634 291.509986 841.323166 406.206737
aec51649-59747496 0.032099 501.022339 285.183878 537.636185 330.790272
aec51649-59747496 0.031501 0.000000 329.461913 289.059734 459.549394
aec51649-59747496 0.030986 73.355522 310.680463 124.153671 354.439094
aec51649-59747496 0.030027 763.767395 272.414954 994.240723 379.431424
aec51649-59747496 0.029001 831.028900 276.848667 1003.074493 401.333914
af2d8f1f-f36ec56e 0.995432 598.053818 274.484310 699.003372 366.972241
af2d8f1f-f36ec56e 0.990678 650.997391 263.016901 876.469498 426.202712
af2d8f1f-f36ec56e 0.984894 789.537430 168.581300 1276.997910 569.499364
af2d8f1f-f36ec56e 0.983343 190.798016 277.250462 295.278263 351.545420
af2d8f1f-f36ec56e 0.980460 505.763321 284.206481 524.490051 302.662997
af2d8f1f-f36ec56e 0.919529 563.491287 280.297580 615.869446 337.317352
af2d8f1f-f36ec56e 0.897232 3.310614 247.651556 165.829926 397.906008
af2d8f1f-f36ec56e 0.859669 135.464458 275.497413 239.366589 364.543962
af2d8f1f-f36ec56e 0.839254 377.959099 288.971951 408.895607 312.334464
af2d8f1f-f36ec56e 0.819261 449.992485 286.101236 468.877525 304.394546
af2d8f1f-f36ec56e 0.555657 547.924805 276.962757 586.579819 321.629133
af2d8f1f-f36ec56e 0.530625 237.652931 281.978230 314.487000 344.676175
af2d8f1f-f36ec56e 0.343211 1048.180389 406.673098 1280.000000 575.139513
af2d8f1f-f36ec56e 0.043681 305.971565 285.612710 339.332008 316.462276
af2d8f1f-f36ec56e 0.033220 407.096329 288.945622 454.049683 324.899325
af2d8f1f-f36ec56e 0.029562 623.914604 266.439421 728.292847 397.252150
af2d8f1f-f36ec56e 0.025342 15.969243 292.979257 151.603642 397.995014
af2d8f1f-f36ec56e 0.023130 369.918594 293.792245 402.878418 321.895058
af2d8f1f-f36ec56e 0.022322 2.943074 302.774770 42.350183 398.118954
af2d8f1f-f36ec56e 0.011151 0.000000 282.430193 67.872286 395.707626
afbcc97f-ccbd0bad 0.985243 273.808632 431.238742 433.515511 522.033963
afbcc97f-ccbd0bad 0.969957 17.286806 422.999125 279.825249 557.384319
afbcc97f-ccbd0bad 0.733518 796.274719 419.925613 818.531342 441.020823
afbcc97f-ccbd0bad 0.716803 589.292870 425.639791 646.408844 464.150219
afbcc97f-ccbd0bad 0.678273 1047.323761 457.618589 1279.345398 720.000000
afbcc97f-ccbd0bad 0.377477 433.747749 435.228152 467.286720 454.873939
afbcc97f-ccbd0bad 0.330410 803.016891 409.938312 819.254837 424.644113
afbcc97f-ccbd0bad 0.321226 819.071350 415.212650 845.630798 444.058628
afbcc97f-ccbd0bad 0.228150 543.221054 424.306026 615.172195 458.668170
afbcc97f-ccbd0bad 0.224076 471.391449 429.344716 590.684586 489.096179
afbcc97f-ccbd0bad 0.213561 276.202698 436.576638 323.074760 457.981524
afbcc97f-ccbd0bad 0.185619 831.185989 404.068952 849.923172 421.828866
afbcc97f-ccbd0bad 0.176246 7.987993 446.898680 54.881697 496.886129
afbcc97f-ccbd0bad 0.138921 263.383923 445.751681 342.087898 511.135268
afbcc97f-ccbd0bad 0.101011 495.009575 426.971283 566.394691 459.023466
afbcc97f-ccbd0bad 0.074192 372.473869 431.613522 410.388832 449.902668
afbcc97f-ccbd0bad 0.061580 511.666489 433.963652 604.951172 484.177437
afbcc97f-ccbd0bad 0.057562 2.342496 469.150629 46.178918 536.881342
afbcc97f-ccbd0bad 0.044740 731.063766 389.693255 745.887985 404.457593
afbcc97f-ccbd0bad 0.043668 822.916412 353.786094 1073.313141 619.541101
afbcc97f-ccbd0bad 0.042971 20.596526 425.163345 45.015802 455.834341
afbcc97f-ccbd0bad 0.041232 1175.348816 375.483127 1218.323975 438.796391
afbcc97f-ccbd0bad 0.031170 1195.035248 395.506182 1268.412170 480.204334
afbcc97f-ccbd0bad 0.028545 1103.060455 325.487330 1264.539490 472.222767
afbcc97f-ccbd0bad 0.026618 935.482330 382.673593 1002.057800 449.447894
afbcc97f-ccbd0bad 0.026062 1189.813919 354.501879 1280.000000 461.184382
afbcc97f-ccbd0bad 0.024618 249.215679 431.588159 282.887402 458.263907
afbcc97f-ccbd0bad 0.022761 411.405907 441.794844 451.665230 481.831942
afbcc97f-ccbd0bad 0.021609 18.997284 629.215293 26.410866 651.411281
afbcc97f-ccbd0bad 0.021354 931.317520 407.482309 955.181808 443.735561
afbcc97f-ccbd0bad 0.020430 245.055790 443.021922 283.834705 482.848649
afbcc97f-ccbd0bad 0.020026 825.964203 257.124367 1177.465363 585.760803
afbcc97f-ccbd0bad 0.018782 946.713715 387.266951 989.348145 456.711016
afbcc97f-ccbd0bad 0.018101 595.928764 435.747514 637.334175 472.898469
afbcc97f-ccbd0bad 0.017842 1101.118164 376.984992 1142.043610 448.831029
afbcc97f-ccbd0bad 0.017840 1162.448959 394.080105 1210.420456 462.243319
afbcc97f-ccbd0bad 0.017567 93.315096 417.169633 260.337105 469.709516
afbcc97f-ccbd0bad 0.017240 1088.837891 357.206039 1277.061005 526.630754
afbcc97f-ccbd0bad 0.017189 49.100943 443.219161 125.293913 493.513713
afbcc97f-ccbd0bad 0.017048 531.559486 397.715507 545.020103 410.649934
afbcc97f-ccbd0bad 0.016974 737.823639 418.453145 753.603516 440.254054
afbcc97f-ccbd0bad 0.016358 618.267632 535.580878 625.782204 539.493041
afd0aabb-caf615d5 0.999087 405.985947 231.993184 777.070160 551.091084
afd0aabb-caf615d5 0.994581 4.150829 321.726980 190.648270 550.665665
afd0aabb-caf615d5 0.991799 377.728767 335.140128 405.769920 362.901592
afd0aabb-caf615d5 0.989886 127.031670 314.487076 340.055847 438.447618
afd0aabb-caf615d5 0.672512 306.216774 331.787860 347.507439 373.977184
afd0aabb-caf615d5 0.554646 402.671852 330.180852 417.408257 344.927509
afd0aabb-caf615d5 0.283314 63.011932 318.125761 116.611404 346.534903
afd0aabb-caf615d5 0.212377 421.276512 328.828139 436.532402 345.478177
afd0aabb-caf615d5 0.195691 10.696325 317.170401 86.034040 343.170276
afd0aabb-caf615d5 0.077589 330.393829 331.000257 346.434631 347.382932
afd0aabb-caf615d5 0.074588 92.216873 331.481123 133.656521 364.471908
afd0aabb-caf615d5 0.032937 401.470604 332.146525 428.192482 367.724504
afd0aabb-caf615d5 0.024957 149.990911 314.436886 198.476486 342.721703
afd0aabb-caf615d5 0.024569 768.785477 304.156837 805.672379 354.627771
afd0aabb-caf615d5 0.021824 769.323273 325.471044 805.379181 364.781799
afd0aabb-caf615d5 0.018071 0.000000 318.194575 72.364349 373.787327
afd0aabb-caf615d5 0.013409 220.063438 309.514453 272.351799 333.833549
afd0aabb-caf615d5 0.012246 407.317162 491.332111 411.528053 495.463829
afd0aabb-caf615d5 0.011860 131.177616 324.225469 192.096729 369.279370
afd0aabb-caf615d5 0.011071 733.381119 301.616442 758.049698 341.251037
afd0aabb-caf615d5 0.010264 1273.941345 552.271557 1280.000000 564.717093
ac6d4f42-00000000 0.994923 420.570755 334.206891 483.857117 379.666986
ac6d4f42-00000000 0.977964 536.063995 327.944856 552.546921 342.468567
ac6d4f42-00000000 0.970506 574.194145 328.745077 588.228340 342.446101
ac6d4f42-00000000 0.938759 622.424202 335.300460 684.059296 376.718359
ac6d4f42-00000000 0.933863 50.585861 334.690247 125.668297 367.864752
ac6d4f42-00000000 0.749464 177.308826 329.932437 278.778019 371.276307
ac6d4f42-00000000 0.740139 3.033987 332.954557 37.156444 369.913359
ac6d4f42-00000000 0.672446 253.789272 327.404058 345.858345 369.979620
ac6d4f42-00000000 0.465137 463.229904 333.636997 506.011963 371.126704
ac6d4f42-00000000 0.451089 150.291519 333.104289 219.333382 371.155715
ac6d4f42-00000000 0.392640 588.807373 333.838913 619.662399 361.240253
ac6d4f42-00000000 0.127363 575.818024 308.617330 585.007095 316.452212
ac6d4f42-00000000 0.122429 369.252396 329.683399 384.648285 347.328043
ac6d4f42-00000000 0.116457 464.662743 328.052745 484.471016 345.113311
ac6d4f42-00000000 0.095495 628.700447 332.574348 645.079803 348.499203
ac6d4f42-00000000 0.093536 227.193947 327.256193 260.476875 344.178185
ac6d4f42-00000000 0.093009 531.552887 303.851173 540.085602 312.996433
ac6d4f42-00000000 0.078569 689.526901 338.512287 730.082321 376.853199
ac6d4f42-00000000 0.073403 318.745651 311.091485 334.891586 327.556729
ac6d4f42-00000000 0.061094 13.721122 316.677024 33.124723 336.796510
ac6d4f42-00000000 0.059408 74.737558 333.086929 108.464174 351.924233
ac6d4f42-00000000 0.028690 370.612106 334.956408 399.646225 369.815254
af0a7e94-deae0000 0.894991 123.388147 356.831367 196.619759 408.489103
af0a7e94-deae0000 0.886400 237.657127 366.394043 255.101433 383.952255
af0a7e94-deae0000 0.869646 265.878067 367.997532 314.002838 404.707575
af0a7e94-deae0000 0.706016 325.131683 364.586492 341.577301 380.189052
af0a7e94-deae0000 0.661360 184.977894 360.835562 214.749889 389.733639
af0a7e94-deae0000 0.579200 1172.068863 458.510885 1274.509659 573.016148
af0a7e94-deae0000 0.332273 337.803154 356.068010 419.450722 416.732111
af0a7e94-deae0000 0.214611 245.641861 370.886035 269.750061 397.463078
af0a7e94-deae0000 0.153419 441.447067 354.994698 461.742172 371.072416
af0a7e94-deae0000 0.087124 1010.339050 454.918399 1236.807556 569.612660
af0a7e94-deae0000 0.079425 3.479848 362.778296 87.325630 415.831361
af0a7e94-deae0000 0.066907 345.411263 353.434510 388.428307 390.499978
af0a7e94-deae0000 0.049525 90.355711 365.263567 143.759317 408.947697
af0a7e94-deae0000 0.045898 1024.902344 473.722572 1175.272522 557.702837
af0a7e94-deae0000 0.028712 1023.420639 488.209033 1050.032883 514.977736
af0a7e94-deae0000 0.026992 409.803162 366.874480 451.359940 408.572745
af0a7e94-deae0000 0.025953 2.067118 348.297994 60.760965 400.507321
af0a7e94-deae0000 0.025606 497.964973 345.559244 524.274406 370.448985
af0a7e94-deae0000 0.024343 1123.048630 438.359985 1280.000000 590.644569
af0a7e94-deae0000 0.021769 338.818054 337.888019 348.921738 349.912555
af0a7e94-deae0000 0.020645 366.146088 336.534619 386.927261 352.641091
af0a7e94-deae0000 0.020362 109.875269 358.364131 149.463701 393.046618
af0a7e94-deae0000 0.014867 455.335732 322.293591 470.451469 336.408234
af0a7e94-deae0000 0.014147 546.894913 383.140469 602.590103 433.212290
af0a7e94-deae0000 0.013610 0.000000 144.602716 94.581203 396.393929
af0a7e94-deae0000 0.010279 1218.022156 558.598566 1268.964691 611.680212
af962335-00000000 0.931431 640.113373 435.213518 667.742004 460.044851
af962335-00000000 0.923749 676.175461 430.323701 717.520523 463.087077
af962335-00000000 0.898753 450.498924 437.602143 473.801537 451.625848
af962335-00000000 0.868027 492.878036 437.318387 516.913147 451.440625
af962335-00000000 0.731092 390.286255 442.280860 408.200684 451.744208
af962335-00000000 0.691200 745.449677 435.128760 783.169708 461.365743
af962335-00000000 0.300957 164.772072 393.672023 292.253914 475.723672
af962335-00000000 0.184336 592.810364 426.945276 659.593582 484.546938
af962335-00000000 0.180646 569.741325 439.662895 582.103386 452.123194
af962335-00000000 0.136848 102.628450 442.347765 124.538126 453.035917
af962335-00000000 0.123198 1089.564285 482.100763 1273.160019 538.551178
af962335-00000000 0.075375 1008.237228 451.089277 1024.908218 463.528805
af962335-00000000 0.066515 302.022839 438.438306 322.815437 454.985776
af962335-00000000 0.058002 1164.350510 481.882410 1195.384445 499.368010
af962335-00000000 0.057543 10.383412 443.506179 32.103028 454.286599
af962335-00000000 0.042150 840.336456 445.000834 855.511627 457.365603
af962335-00000000 0.041532 987.839890 464.075890 1007.964554 479.792948
af962335-00000000 0.038850 1082.116318 478.303485 1191.904221 525.310807
af962335-00000000 0.036660 928.628235 453.856502 943.782043 463.053260
af962335-00000000 0.036398 162.903748 429.644008 186.610947 448.785882
af962335-00000000 0.031912 1131.229324 479.684329 1161.723404 497.004533
af962335-00000000 0.025336 1045.234604 474.412866 1063.305283 489.009833
af962335-00000000 0.023205 927.120132 466.355767 945.213852 480.074687
af962335-00000000 0.021657 713.896561 426.424198 781.901169 484.739714
af962335-00000000 0.020911 1227.978821 488.933229 1271.836853 533.553600
af962335-00000000 0.015094 209.912624 441.691332 262.716122 474.596930
af962335-00000000 0.014299 6.145296 463.655319 19.853954 478.121996
af962335-00000000 0.013428 0.000000 519.888668 31.166773 597.504158
af962335-00000000 0.012845 1057.082138 492.849641 1082.408676 516.469989
af962335-00000000 0.011295 807.753372 529.847260 813.997574 535.127735
af962335-00000000 0.010307 1.169484 553.079610 34.572392 603.453040
af962335-00000000 0.010268 1243.913193 482.792172 1266.394730 502.249045
aeb11c82-00000000 0.452077 466.913223 283.701539 667.330246 501.521544
aeb11c82-00000000 0.350230 623.736229 354.698517 657.708588 385.522313
aeb11c82-00000000 0.030175 576.171570 288.862882 605.174103 301.765208
aeb11c82-00000000 0.020557 505.761795 309.132121 637.468338 355.919116
aeb11c82-00000000 0.018878 520.152664 281.025703 534.667816 296.105683
aeb11c82-00000000 0.018250 531.383820 336.799192 636.578674 373.266635
aeb11c82-00000000 0.018049 466.970673 372.800746 483.444138 385.556388
ae7bcd76-00000000 0.978989 333.986092 521.863675 410.047188 585.972505
ae7bcd76-00000000 0.933924 3.446732 543.251395 151.846504 719.007497
ae7bcd76-00000000 0.932715 361.783981 447.731838 839.500885 719.671869
ae7bcd76-00000000 0.903394 154.209299 516.428919 365.618134 652.372026
ae7bcd76-00000000 0.403770 389.351044 514.731531 415.166321 533.999233
ae7bcd76-00000000 0.143767 248.871269 505.122142 281.225548 530.952716
ae7bcd76-00000000 0.138718 296.243439 513.685255 336.249466 535.511999
ae7bcd76-00000000 0.105371 140.470047 551.330638 189.487000 604.007592
ae7bcd76-00000000 0.040929 329.377937 529.746966 409.836845 616.283956
ae7bcd76-00000000 0.027840 304.506626 525.785708 344.958725 560.334535
ae7bcd76-00000000 0.027719 406.561356 507.214007 436.059341 533.270831
ae7bcd76-00000000 0.022384 63.702364 569.701838 149.220438 703.018956
ae7bcd76-00000000 0.019421 174.827080 537.414479 199.822464 577.455182
ae7bcd76-00000000 0.014705 192.952728 519.451532 272.025070 563.449545
ae7bcd76-00000000 0.014362 111.167326 551.474190 141.346979 602.602587
ae7bcd76-00000000 0.013020 72.919559 614.257021 147.353859 701.872644
ae7bcd76-00000000 0.011046 396.157570 518.318696 431.101646 564.130740
ace9bf57-669189d2 0.926892 727.024689 171.534787 1071.296234 306.798406
ace9bf57-669189d2 0.877695 493.778534 195.861726 531.526566 223.483200
ace9bf57-669189d2 0.735723 4.495564 222.977872 370.967331 489.706306
ace9bf57-669189d2 0.572722 671.912537 183.665035 736.734314 231.002247
ace9bf57-669189d2 0.514703 454.580040 203.603246 478.866234 223.477042
ace9bf57-669189d2 0.346476 561.681557 196.520627 607.487679 225.891201
ace9bf57-669189d2 0.264383 608.643990 187.295287 669.361572 228.848240
ace9bf57-669189d2 0.112099 404.686852 205.186350 480.117989 291.028626
ace9bf57-669189d2 0.097544 1.750698 232.575910 268.169117 352.454946
ace9bf57-669189d2 0.074656 1256.157227 215.432582 1280.000000 261.561642
ace9bf57-669189d2 0.063152 724.248199 183.523285 791.202698 227.328651
ace9bf57-669189d2 0.060916 746.574173 175.757357 943.214035 235.489604
ace9bf57-669189d2 0.059573 0.000000 228.313622 30.596106 281.447582
ace9bf57-669189d2 0.045575 687.301483 172.251420 738.762665 198.544064
ace9bf57-669189d2 0.041592 420.776443 100.041997 743.686218 325.655215
ace9bf57-669189d2 0.040439 70.562725 218.696079 384.982452 352.908969
ace9bf57-669189d2 0.035675 913.110504 159.830625 946.607666 185.713620
ace9bf57-669189d2 0.033574 135.672531 153.809162 415.727196 331.507430
ace9bf57-669189d2 0.033490 857.077255 176.619097 967.294083 229.900289
ace9bf57-669189d2 0.031807 672.663956 203.595393 740.100632 265.957482
ace9bf57-669189d2 0.029206 605.296783 143.932593 678.902588 204.781015
ace9bf57-669189d2 0.027862 373.747787 202.311623 392.620316 220.382888
ace9bf57-669189d2 0.026322 6.200752 242.537656 249.058571 462.056293
ace9bf57-669189d2 0.024536 850.356522 163.499790 865.475235 179.872316
ace9bf57-669189d2 0.024187 247.464561 212.728271 357.366943 278.506765
ace9bf57-669189d2 0.022228 418.108711 244.344456 479.147148 316.242034
af0a7e94-deae0001 0.992512 928.391724 385.564628 1277.096558 584.931464
af0a7e94-deae0001 0.988304 487.592888 374.518991 553.016548 424.622998
af0a7e94-deae0001 0.983769 563.848648 371.310253 596.801758 402.833033
af0a7e94-deae0001 0.975016 74.843445 370.307622 285.754089 491.092687
af0a7e94-deae0001 0.963967 711.151962 366.917610 724.849319 380.299129
af0a7e94-deae0001 0.961857 615.708389 367.557735 631.962433 382.924604
af0a7e94-deae0001 0.940334 742.497406 369.157705 801.633453 421.046391
af0a7e94-deae0001 0.911875 648.372498 364.139228 660.295563 374.672542
af0a7e94-deae0001 0.729346 2.040834 355.965271 95.200796 518.366547
af0a7e94-deae0001 0.514611 771.457367 364.626875 794.227448 384.796915
af0a7e94-deae0001 0.359512 516.397858 367.411222 548.009186 388.153152
af0a7e94-deae0001 0.348122 719.236069 376.440139 741.084824 400.974584
af0a7e94-deae0001 0.188519 60.253267 374.331837 112.076044 406.569672
af0a7e94-deae0001 0.081653 62.355313 367.533145 122.253895 391.844001
af0a7e94-deae0001 0.064963 271.706047 372.837696 315.238190 413.099928
af0a7e94-deae0001 0.040193 1237.467117 402.299252 1277.513351 450.977440
af0a7e94-deae0001 0.038458 656.358871 340.074320 665.727463 350.400224
af0a7e94-deae0001 0.034665 715.645294 342.084925 725.923004 352.925985
af0a7e94-deae0001 0.027366 616.712837 494.898033 651.470642 512.601385
af0a7e94-deae0001 0.026723 10.347636 347.866180 69.005604 390.290809
af0a7e94-deae0001 0.026057 961.558075 384.174428 988.069000 425.222011
af0a7e94-deae0001 0.023256 6.047196 414.108953 76.408563 515.406246
af0a7e94-deae0001 0.022389 940.643692 387.665892 960.993118 428.020048
af0a7e94-deae0001 0.022286 721.209106 509.496288 751.853485 521.544771
af0a7e94-deae0001 0.021827 821.078491 368.224854 843.213196 404.529347
af0a7e94-deae0001 0.019686 1230.289001 395.199594 1258.299866 423.565350
af0a7e94-deae0001 0.018613 458.572884 359.149675 473.802071 382.082348
af0a7e94-deae0001 0.018338 247.515030 378.466215 289.755516 415.372381
af0a7e94-deae0001 0.015630 1072.118530 551.368403 1280.000000 718.000188
af0a7e94-deae0001 0.015166 362.587471 380.603528 394.426079 412.976460
af0a7e94-deae0001 0.015052 825.053253 363.980098 842.908783 390.354581
af0a7e94-deae0001 0.014709 940.257111 406.002417 980.762329 444.952469
af0a7e94-deae0001 0.014367 446.462517 367.509027 462.286263 404.962535
ae9525e3-00000000 0.972383 643.717041 499.419894 667.603302 517.240577
ae9525e3-00000000 0.954525 1002.194901 463.020988 1278.078842 710.345035
ae9525e3-00000000 0.942011 113.798609 506.036968 228.124084 579.491043
ae9525e3-00000000 0.925816 497.843018 500.259576 519.475555 517.320142
ae9525e3-00000000 0.846264 460.278625 508.809600 481.580276 524.993920
ae9525e3-00000000 0.828180 689.603729 477.192535 782.596741 540.198784
ae9525e3-00000000 0.709530 0.289249 501.761398 116.564274 615.637522
ae9525e3-00000000 0.595261 581.996613 499.967279 602.099915 516.231594
ae9525e3-00000000 0.337186 202.529068 513.366823 261.968765 565.018358
ae9525e3-00000000 0.200715 593.489761 491.511540 605.636673 502.619920
ae9525e3-00000000 0.191757 535.547714 496.286817 549.578323 507.375026
ae9525e3-00000000 0.142663 265.214386 483.944278 367.583771 556.381688
ae9525e3-00000000 0.095118 319.499321 484.092979 389.654045 538.750477
ae9525e3-00000000 0.066387 232.209110 503.283992 275.072613 541.045804
ae9525e3-00000000 0.061395 145.598259 493.636537 219.638443 545.184216
ae9525e3-00000000 0.051898 956.881561 468.459520 997.903748 507.461157
ae9525e3-00000000 0.045949 804.195862 473.608847 860.370483 506.544228
ae9525e3-00000000 0.045544 640.567474 489.709182 655.381622 502.139611
ae9525e3-00000000 0.041984 86.525326 505.488725 147.219830 594.434466
ae9525e3-00000000 0.035438 960.664597 485.790753 1006.109543 512.929559
ae9525e3-00000000 0.033788 243.551350 511.891308 312.239857 557.703609
ae9525e3-00000000 0.031836 791.922455 465.718431 809.378510 485.875168
ae9525e3-00000000 0.027491 805.010910 485.288515 855.557785 511.320019
ae9525e3-00000000 0.026798 96.082602 496.042156 122.613993 522.247210
ae9525e3-00000000 0.019776 1.040556 526.970816 41.539335 618.624601
ae9525e3-00000000 0.017575 920.328217 475.451803 953.974457 503.799105
ae9525e3-00000000 0.015321 914.494858 490.437713 953.453140 513.278031
ae9525e3-00000000 0.015321 10.910975 500.976477 50.910568 530.259504
ae9525e3-00000000 0.015270 1038.178635 500.592556 1078.753891 528.683395
ae9525e3-00000000 0.012384 668.467331 614.729047 677.807388 621.384616
ae9525e3-00000000 0.011696 706.535492 613.146157 716.174011 618.586278
ae9525e3-00000000 0.010521 15.939822 486.318741 54.501953 501.874609
ae9525e3-00000000 0.010101 0.000000 469.874911 150.887356 606.025901
ae6a0a72-00000000 0.998885 130.189133 246.386905 476.509857 446.987944
ae6a0a72-00000000 0.992693 752.984085 255.521586 813.099594 302.225711
ae6a0a72-00000000 0.992064 578.741646 242.317286 711.760330 344.563994
ae6a0a72-00000000 0.989629 1053.774643 253.792698 1168.302841 321.666620
ae6a0a72-00000000 0.984887 900.039291 233.308947 934.636307 261.147444
ae6a0a72-00000000 0.972883 849.141617 234.145153 869.466019 253.671634
ae6a0a72-00000000 0.952996 981.198120 231.804357 1012.391357 257.828951
ae6a0a72-00000000 0.939575 675.784378 249.014332 758.258896 318.652074
ae6a0a72-00000000 0.937082 1021.785889 249.231870 1083.271942 305.843904
ae6a0a72-00000000 0.880273 1.875949 282.741609 159.675903 549.515491
ae6a0a72-00000000 0.806928 933.204193 256.919060 1001.373444 304.394717
ae6a0a72-00000000 0.741137 931.181030 205.448091 949.564972 220.006135
ae6a0a72-00000000 0.689245 865.593796 222.190182 878.602371 234.316814
ae6a0a72-00000000 0.595631 1180.373535 232.741842 1280.000000 491.427984
ae6a0a72-00000000 0.511681 1002.527237 202.758050 1018.255234 220.310597
ae6a0a72-00000000 0.417286 802.814865 242.485042 832.526474 264.625669
ae6a0a72-00000000 0.389540 467.620392 253.971183 623.102570 367.666740
ae6a0a72-00000000 0.349233 928.400497 184.826775 941.888046 194.461870
ae6a0a72-00000000 0.184426 1033.761368 237.739956 1067.841721 262.417223
ae6a0a72-00000000 0.121371 873.864212 182.549300 883.826523 193.217154
ae6a0a72-00000000 0.074208 1202.956696 233.830047 1276.516876 342.871199
ae6a0a72-00000000 0.072498 934.138489 138.134086 946.727905 151.978941
ae6a0a72-00000000 0.064739 1089.569550 245.002778 1122.305450 266.392343
ae6a0a72-00000000 0.056303 717.809143 236.861823 736.734924 258.125174
ae6a0a72-00000000 0.048500 1220.894241 234.790642 1268.933029 274.556773
ae6a0a72-00000000 0.034036 1183.588333 233.084693 1205.074387 273.995976
ae6a0a72-00000000 0.032719 802.132339 212.693596 814.863052 226.520662
ae6a0a72-00000000 0.027818 569.434013 263.693161 614.436378 302.699046
ae6a0a72-00000000 0.027140 449.516907 259.148211 483.576126 292.277656
ae6a0a72-00000000 0.026125 1001.913223 188.879528 1014.623032 201.470976
ae6a0a72-00000000 0.024561 1034.520035 189.181030 1055.250778 217.942851
ae6a0a72-00000000 0.023603 578.644867 240.309620 604.148560 263.608789
ae6a0a72-00000000 0.022309 1212.656937 260.818777 1280.000000 363.741145
ae6a0a72-00000000 0.020749 512.458916 248.081996 537.023354 266.555636
ae6a0a72-00000000 0.020495 1173.316193 244.388745 1196.788635 297.309587
ae6a0a72-00000000 0.019653 877.022476 135.404434 888.204575 147.837439
ae6a0a72-00000000 0.017281 0.000000 0.000000 118.573418 183.444214
ae6a0a72-00000000 0.017278 488.670044 262.208419 548.970032 297.257209
ae6a0a72-00000000 0.014112 979.767151 132.209795 994.334412 150.479007
ae6a0a72-00000000 0.011007 653.236237 238.661799 673.880615 258.470149
ae6a0a72-00000000 0.010800 1.425190 0.093609 307.322750 117.870169
ac9be3fe-790d1f8e 0.995336 615.795975 299.987547 661.629639 341.857216
ac9be3fe-790d1f8e 0.984896 652.276840 294.851053 764.805984 379.400525
ac9be3fe-790d1f8e 0.978949 387.784195 290.409207 633.195419 524.198442
ac9be3fe-790d1f8e 0.904355 980.787354 283.637660 1105.875702 342.410696
ac9be3fe-790d1f8e 0.884114 148.752804 284.206288 203.214207 313.386705
ac9be3fe-790d1f8e 0.877038 5.661485 286.819489 75.326395 335.989187
ac9be3fe-790d1f8e 0.692489 450.069466 289.541373 462.821617 302.234359
ac9be3fe-790d1f8e 0.608956 588.434334 295.530167 622.176399 336.285882
ac9be3fe-790d1f8e 0.599997 82.866669 284.554782 121.729641 310.517664
ac9be3fe-790d1f8e 0.569335 808.486404 292.256541 860.711288 325.653090
ac9be3fe-790d1f8e 0.541052 207.957363 278.464000 247.265720 302.942870
ac9be3fe-790d1f8e 0.492455 21.831634 282.788601 62.115231 310.922055
ac9be3fe-790d1f8e 0.410914 816.900711 288.651438 858.673172 311.389747
ac9be3fe-790d1f8e 0.384379 783.846664 293.598568 806.939926 310.745780
ac9be3fe-790d1f8e 0.220424 93.107271 292.421014 135.292368 325.359700
ac9be3fe-790d1f8e 0.190322 654.742737 290.385711 672.370911 304.999974
ac9be3fe-790d1f8e 0.187012 132.250328 287.883747 198.802567 323.664243
ac9be3fe-790d1f8e 0.165413 560.996094 282.311447 594.680939 302.964928
ac9be3fe-790d1f8e 0.156620 380.356750 285.565760 393.544846 298.090432
ac9be3fe-790d1f8e 0.122763 332.421799 285.769351 343.068542 301.289814
ac9be3fe-790d1f8e 0.078091 916.104889 289.171829 932.054901 308.669558
ac9be3fe-790d1f8e 0.078070 727.398376 275.362980 741.578064 288.155401
ac9be3fe-790d1f8e 0.077236 778.670425 299.073322 799.120407 323.299720
ac9be3fe-790d1f8e 0.050051 987.895355 285.697424 1009.869690 303.592908
ac9be3fe-790d1f8e 0.046208 982.393723 290.853961 1015.251541 331.747992
ac9be3fe-790d1f8e 0.040501 516.670418 288.152204 541.501350 306.677427
ac9be3fe-790d1f8e 0.030251 1030.379028 275.612726 1072.360992 312.864618
ac9be3fe-790d1f8e 0.027885 884.539337 293.698475 912.303314 324.875958
ac9be3fe-790d1f8e 0.024034 464.021530 288.811448 573.262787 336.592405
ac9be3fe-790d1f8e 0.023881 1081.050491 290.206046 1114.562149 338.984914
ac517380-00000000 0.998030 515.789261 407.593374 765.201950 608.838272
ac517380-00000000 0.975200 519.305878 440.109816 537.447510 454.174376
ac517380-00000000 0.918392 464.581490 440.138140 491.083336 463.460312
ac517380-00000000 0.870778 377.734184 434.561934 464.349785 482.370658
ac517380-00000000 0.813303 260.714607 431.074848 346.119461 469.210711
ac517380-00000000 0.467423 704.838257 418.452630 740.130157 441.904492
ac517380-00000000 0.353183 705.874023 414.544716 739.344482 429.623280
ac517380-00000000 0.161685 230.866394 447.978601 270.255165 468.383732
ac517380-00000000 0.114390 646.348648 397.384372 664.306870 409.865785
ac517380-00000000 0.093920 4.408923 449.892368 21.579671 482.289333
ac517380-00000000 0.061271 244.401131 437.816935 343.917465 476.144457
ac517380-00000000 0.060095 587.459946 397.106323 597.793427 408.070335
ac517380-00000000 0.044233 86.240587 450.974436 120.955954 475.397129
ac517380-00000000 0.041031 95.992823 437.164493 126.699038 462.640157
ac517380-00000000 0.032057 143.114662 443.975244 182.314720 466.695657
ac517380-00000000 0.028141 357.163353 434.934525 380.950813 455.829749
ac517380-00000000 0.025028 504.337120 442.556677 534.782295 473.708496
ac517380-00000000 0.019091 535.949249 418.605280 544.063110 427.491589
ac517380-00000000 0.016400 317.893505 417.817869 331.971588 428.546104
ac517380-00000000 0.014041 143.777361 452.839665 188.748589 476.035409
ac517380-00000000 0.012244 446.706619 411.318984 458.674469 421.860280
ac517380-00000000 0.011141 740.181732 414.951253 791.170349 440.102305
ac517380-00000000 0.010630 372.219696 440.362329 408.402328 480.128803
ac517380-00000000 0.010517 762.601089 394.552774 796.848831 418.052874
ac517380-00000000 0.010416 539.029083 587.325110 547.199783 598.815093
ac517380-00000000 0.010381 557.879601 430.896492 572.006874 444.729824
ae4b0c67-4607fe51 0.992897 897.536774 282.955198 1064.889221 348.531947
ae4b0c67-4607fe51 0.973281 1187.818375 285.894942 1278.602982 348.354406
ae4b0c67-4607fe51 0.907065 1075.025330 289.947331 1204.880371 347.557189
ae4b0c67-4607fe51 0.468641 429.720955 288.949506 460.911674 311.278918
ae4b0c67-4607fe51 0.083731 907.182999 287.070780 934.558487 303.621683
ae4b0c67-4607fe51 0.066926 442.383614 297.577443 467.793465 322.483535
ae4b0c67-4607fe51 0.047717 508.394470 306.673737 527.838974 323.062248
ae4b0c67-4607fe51 0.046320 1228.787842 279.202380 1269.946136 305.082135
ae4b0c67-4607fe51 0.042798 516.408005 295.481522 533.564453 309.963906
ae4b0c67-4607fe51 0.040454 634.525070 313.495882 663.164597 329.659259
ae4b0c67-4607fe51 0.039526 887.679672 294.058235 920.282211 335.142081
ae4b0c67-4607fe51 0.037568 711.568527 309.040604 736.334305 325.645537
ae4b0c67-4607fe51 0.033615 750.189209 306.814220 787.119293 325.792544
ae4b0c67-4607fe51 0.032726 1016.024551 297.098873 1067.840958 339.729302
ae4b0c67-4607fe51 0.029839 719.441528 301.997402 740.188141 314.920671
ae4b0c67-4607fe51 0.028443 1170.133286 287.309153 1205.829544 305.006497
ae4b0c67-4607fe51 0.025793 787.299728 293.351290 809.759140 306.311595
ae4b0c67-4607fe51 0.018141 400.586777 292.025313 418.666153 312.628798
ae4b0c67-4607fe51 0.017289 250.857430 246.727180 355.984764 310.318151
ae4b0c67-4607fe51 0.016906 975.689850 282.260592 1016.331177 300.903146
ae4b0c67-4607fe51 0.015868 366.433487 298.870075 400.894699 327.712319
ae4b0c67-4607fe51 0.015237 659.522705 294.155352 675.401306 308.281839
ae4b0c67-4607fe51 0.014519 572.209511 280.212908 591.796684 301.128860
ae4b0c67-4607fe51 0.014012 855.359116 283.841250 883.087997 302.075636
ae4b0c67-4607fe51 0.013113 1259.694443 323.992953 1274.596176 387.804465
ae4b0c67-4607fe51 0.012466 587.838631 308.901043 605.417366 327.825251
ae4b0c67-4607fe51 0.012195 14.770408 280.337083 69.211287 376.269550
ae4b0c67-4607fe51 0.012175 1060.450287 280.706263 1090.519257 304.591527
ae4b0c67-4607fe51 0.011450 870.316849 470.558853 876.427689 474.695892
ae4b0c67-4607fe51 0.010988 790.615463 252.642353 808.609390 268.342073
ae4b0c67-4607fe51 0.010888 866.597137 492.117119 876.651001 500.453510
ae4b0c67-4607fe51 0.010775 1098.273010 282.864132 1127.051849 299.524941
af0a7e94-89b00000 0.977060 771.254120 389.300451 813.649902 433.612604
af0a7e94-89b00000 0.968733 630.039978 348.396442 779.076538 490.250816
af0a7e94-89b00000 0.906353 858.078613 386.894059 926.429443 438.351874
af0a7e94-89b00000 0.879994 920.878983 363.593817 1107.727737 512.443027
af0a7e94-89b00000 0.183864 759.036713 394.961457 803.877869 445.598989
af0a7e94-89b00000 0.051397 1108.760529 394.301720 1132.884369 421.128788
af0a7e94-89b00000 0.031749 1096.211014 403.519335 1125.446854 451.186781
af0a7e94-89b00000 0.029674 838.261871 393.779912 859.740906 419.056106
af0a7e94-89b00000 0.020114 24.099789 373.675833 50.851731 387.541780
af0a7e94-89b00000 0.012907 935.953674 367.666397 950.885162 383.196173
af0a7e94-89b00000 0.010226 667.323990 535.528650 672.000504 538.808842
aed0a80f-1833d0ff 0.996545 321.847801 364.884582 691.407471 557.278962
aed0a80f-1833d0ff 0.990440 810.687408 421.565795 904.537506 466.254916
aed0a80f-1833d0ff 0.981557 712.715683 423.801556 739.397659 441.284752
aed0a80f-1833d0ff 0.964733 1119.249802 408.267789 1234.030075 472.410350
aed0a80f-1833d0ff 0.899507 913.975372 423.048134 1161.123352 514.327183
aed0a80f-1833d0ff 0.823140 663.473053 422.172017 682.232666 440.043855
aed0a80f-1833d0ff 0.717861 1197.824936 419.168673 1276.586533 535.666838
aed0a80f-1833d0ff 0.680401 760.319519 424.672222 791.463165 445.138035
aed0a80f-1833d0ff 0.583702 661.462936 415.717678 675.250931 427.846756
aed0a80f-1833d0ff 0.338611 897.560654 422.380972 933.671188 447.579231
aed0a80f-1833d0ff 0.205668 704.908447 418.769732 720.298615 430.063677
aed0a80f-1833d0ff 0.202510 1198.464584 407.811899 1277.937088 490.253649
aed0a80f-1833d0ff 0.131366 928.587723 418.012962 1056.912155 464.030142
aed0a80f-1833d0ff 0.118358 1103.835449 410.079031 1141.818848 451.610613
aed0a80f-1833d0ff 0.088286 1192.350769 397.567620 1214.061737 420.369229
aed0a80f-1833d0ff 0.084190 0.000000 471.479988 48.570557 584.099808
aed0a80f-1833d0ff 0.075606 1122.176132 400.454106 1145.551376 421.118789
aed0a80f-1833d0ff 0.067720 29.061570 378.274770 135.728779 437.124496
aed0a80f-1833d0ff 0.064134 968.473053 419.910936 1106.273499 455.812197
aed0a80f-1833d0ff 0.060285 776.414261 416.903729 793.344345 429.183869
aed0a80f-1833d0ff 0.046892 368.643188 385.991549 392.365723 419.658980
aed0a80f-1833d0ff 0.043057 20.853434 373.856592 140.306692 481.732035
aed0a80f-1833d0ff 0.037540 844.714584 411.600037 869.149246 424.728870
aed0a80f-1833d0ff 0.030564 905.905685 405.861568 945.824051 427.057629
aed0a80f-1833d0ff 0.024379 0.909244 494.801817 26.524830 573.771029
aed0a80f-1833d0ff 0.024043 1136.415710 468.828163 1214.100037 532.726364
aed0a80f-1833d0ff 0.023647 1243.732224 393.968525 1264.056168 420.851727
aed0a80f-1833d0ff 0.021842 945.866547 401.889281 1004.589691 424.487300
aed0a80f-1833d0ff 0.019565 816.056366 433.603978 917.518616 481.586165
aed0a80f-1833d0ff 0.018820 6.578979 178.703721 374.418945 560.517998
aed0a80f-1833d0ff 0.018620 1060.299454 410.464325 1077.373123 428.660345
aed0a80f-1833d0ff 0.018354 593.921547 392.040124 625.067940 424.703164
aed0a80f-1833d0ff 0.017215 341.943512 356.447210 403.279572 388.945885
aed0a80f-1833d0ff 0.016823 0.000000 366.436443 113.676949 555.019341
aed0a80f-1833d0ff 0.016753 892.069473 446.098008 926.462479 483.683696
aed0a80f-1833d0ff 0.016604 16.815531 375.718474 79.182396 483.446460
aed0a80f-1833d0ff 0.015964 4.595890 329.923468 180.336342 490.570021
aed0a80f-1833d0ff 0.015514 2.640963 437.511721 313.819962 576.435471
aed0a80f-1833d0ff 0.015368 22.374425 377.874670 64.495826 437.493525
aed0a80f-1833d0ff 0.013592 16.761005 443.378248 75.222063 496.929131
aed0a80f-1833d0ff 0.012368 5.649858 418.111367 84.872952 593.733916
aed0a80f-1833d0ff 0.012291 1139.228668 437.516785 1221.036224 483.723822
aed0a80f-1833d0ff 0.011770 482.117577 489.630218 518.143654 524.731622
aed0a80f-1833d0ff 0.011212 300.065002 384.607229 322.931747 425.124378
aed0a80f-1833d0ff 0.011036 598.171921 415.187116 633.731461 451.451011
aed0a80f-1833d0ff 0.010153 498.956108 483.833385 545.453758 511.713767
aed0a80f-1833d0ff 0.010062 0.000000 343.183901 240.457420 469.307785
af73f89e-fe3d0b6a 0.998116 456.036415 391.787310 659.213486 574.521875
af73f89e-fe3d0b6a 0.992475 256.101360 412.881103 330.031624 455.847688
af73f89e-fe3d0b6a 0.946983 93.374186 414.482446 225.069313 481.251168
af73f89e-fe3d0b6a 0.640900 466.284103 399.606400 481.881943 414.447126
af73f89e-fe3d0b6a 0.308516 4.353817 419.401960 51.313572 458.371153
af73f89e-fe3d0b6a 0.287510 624.318199 409.587221 673.232727 472.508841
af73f89e-fe3d0b6a 0.256670 330.092354 369.792380 466.504707 482.979884
af73f89e-fe3d0b6a 0.237417 162.551708 405.454774 208.453693 423.770013
af73f89e-fe3d0b6a 0.195659 76.738496 415.925431 118.169460 449.351077
af73f89e-fe3d0b6a 0.194411 183.428669 413.047700 241.787701 457.912259
af73f89e-fe3d0b6a 0.186199 223.494949 405.461597 253.957787 424.238691
af73f89e-fe3d0b6a 0.155578 1151.303101 537.406969 1275.484467 713.436270
af73f89e-fe3d0b6a 0.146237 435.321884 397.283993 466.964111 449.973907
af73f89e-fe3d0b6a 0.117512 488.827438 392.062311 505.588379 405.909891
af73f89e-fe3d0b6a 0.106079 316.356163 401.507678 333.478813 420.416522
af73f89e-fe3d0b6a 0.039566 750.309906 389.811230 804.853058 468.892879
af73f89e-fe3d0b6a 0.028504 114.094687 402.329721 131.198168 417.128820
af73f89e-fe3d0b6a 0.026571 476.489449 365.539813 483.757210 378.900733
af73f89e-fe3d0b6a 0.024966 507.524605 364.174590 515.249825 377.796521
af73f89e-fe3d0b6a 0.024444 737.900543 381.910086 845.403748 417.334299
af73f89e-fe3d0b6a 0.020577 806.949463 378.301334 860.853577 403.246479
af73f89e-fe3d0b6a 0.019558 606.323738 387.999430 620.771980 401.745815
af73f89e-fe3d0b6a 0.019352 1070.295715 367.992125 1280.000000 564.302359
af73f89e-fe3d0b6a 0.018825 22.954006 404.004021 48.314967 422.702579
af73f89e-fe3d0b6a 0.017680 647.179413 391.582518 661.750031 411.116896
af73f89e-fe3d0b6a 0.016899 1187.090912 583.528004 1271.771851 697.689342
af73f89e-fe3d0b6a 0.016588 1213.244705 403.670869 1265.880356 458.228545
af73f89e-fe3d0b6a 0.015268 1026.704712 427.864695 1068.455811 467.584906
af73f89e-fe3d0b6a 0.015100 713.672867 392.967825 740.401993 470.149269
af73f89e-fe3d0b6a 0.013861 1201.335144 373.360405 1273.380585 419.965868
af73f89e-fe3d0b6a 0.013414 0.000000 366.226330 641.554718 720.000000
af73f89e-fe3d0b6a 0.013186 900.300903 403.240943 1032.077332 488.507466
af73f89e-fe3d0b6a 0.011409 1140.171661 398.413095 1238.923798 459.364214
af73f89e-fe3d0b6a 0.011168 1138.441696 369.683633 1254.940109 438.048635
af73f89e-fe3d0b6a 0.010462 1003.915024 379.543176 1259.818497 514.374776
af73f89e-fe3d0b6a 0.010327 3.265386 435.669580 22.411261 490.175672
af73f89e-fe3d0b6a 0.010290 682.723236 77.491615 1280.000000 610.806627
af73f89e-fe3d0b6a 0.010215 791.380692 403.071127 888.046188 467.621984
af73f89e-fe3d0b6a 0.010125 1219.193802 367.055540 1273.102341 387.403593
ac73d367-0cb39ad0 0.609405 657.624664 254.718103 670.359802 265.876307
ac73d367-0cb39ad0 0.416310 588.815002 255.140626 598.221283 263.823087
ac73d367-0cb39ad0 0.415952 711.021423 257.578132 725.214233 269.417231
ac73d367-0cb39ad0 0.182539 547.635117 255.644753 556.982651 265.657933
ac73d367-0cb39ad0 0.085401 771.397018 245.842910 792.800369 262.161126
ac73d367-0cb39ad0 0.070984 75.501633 300.216672 148.547497 349.994180
ac73d367-0cb39ad0 0.054077 839.387970 227.682638 872.264404 257.759514
ac73d367-0cb39ad0 0.041080 583.346748 226.511436 600.282784 235.126777
ac73d367-0cb39ad0 0.035711 654.677429 225.365381 668.681793 234.388504
ac73d367-0cb39ad0 0.024933 1106.037292 197.878897 1140.675507 220.614974
ac73d367-0cb39ad0 0.022831 771.750641 224.562006 787.468262 237.464418
ac73d367-0cb39ad0 0.022500 725.175171 219.329553 748.071747 234.167104
ac73d367-0cb39ad0 0.021293 1263.141174 180.953386 1277.371826 202.379558
ac73d367-0cb39ad0 0.021054 165.423088 273.586693 190.088234 310.338750
ac73d367-0cb39ad0 0.018236 537.771912 225.625148 551.470947 234.527807
ac73d367-0cb39ad0 0.017690 365.943298 285.388992 392.911530 302.206013
ac73d367-0cb39ad0 0.016473 1251.235962 189.809611 1270.777130 213.308465
ac73d367-0cb39ad0 0.014865 1171.066208 195.759094 1203.524551 214.102957
ac73d367-0cb39ad0 0.012293 899.025192 221.820381 940.584183 254.874294
ac73d367-0cb39ad0 0.012176 1189.543304 170.620637 1211.699524 197.170687
ac73d367-0cb39ad0 0.012082 129.605637 286.606779 195.555954 343.352108
ac73d367-0cb39ad0 0.010880 7.228029 335.934234 55.601654 383.786044
ac73d367-0cb39ad0 0.010365 307.992744 413.678770 325.444489 427.605143
ac73d367-0cb39ad0 0.010315 968.448563 218.938272 1009.034348 252.505667
ac73d367-0cb39ad0 0.010309 90.032845 396.116266 1230.478058 715.611649
ac73d367-0cb39ad0 0.010258 725.329971 266.119702 745.221786 277.697060
ac73d367-0cb39ad0 0.010114 1064.313965 199.585769 1089.886627 228.071258
af822d18-a1eb2364 0.988402 521.100464 387.166657 550.521088 412.642837
af822d18-a1eb2364 0.986374 688.420792 388.220916 735.738449 426.122632
af822d18-a1eb2364 0.980347 646.468964 386.741152 664.988708 406.456203
af822d18-a1eb2364 0.973168 900.564575 341.760120 1207.921753 516.164818
af822d18-a1eb2364 0.934225 393.531342 387.292356 474.833755 437.457991
af822d18-a1eb2364 0.897942 1108.242798 370.942039 1280.000000 525.579844
af822d18-a1eb2364 0.840833 563.665199 368.600879 637.276802 438.882051
af822d18-a1eb2364 0.564970 26.721287 391.179585 49.045539 406.200042
af822d18-a1eb2364 0.558460 766.529312 345.891366 945.756760 467.687774
af822d18-a1eb2364 0.470888 288.191280 385.645566 338.926010 410.955062
af822d18-a1eb2364 0.455670 758.627930 384.787860 799.391479 429.338880
af822d18-a1eb2364 0.351704 94.153633 395.681105 120.494843 412.193985
af822d18-a1eb2364 0.311365 1114.709930 424.403272 1279.107971 514.926581
af822d18-a1eb2364 0.262188 333.281441 378.366652 384.581261 414.437256
af822d18-a1eb2364 0.181674 172.140636 395.060463 206.459904 416.174212
af822d18-a1eb2364 0.181662 662.412338 367.420149 671.042404 378.035603
af822d18-a1eb2364 0.078053 392.477875 357.824728 407.750397 370.400147
af822d18-a1eb2364 0.073840 592.537308 367.866468 612.657700 383.605499
af822d18-a1eb2364 0.070964 231.975842 387.399602 257.882633 420.925241
af822d18-a1eb2364 0.057808 321.773911 372.954254 335.179443 385.351124
af822d18-a1eb2364 0.048015 763.802261 383.820119 808.795547 455.784431
af822d18-a1eb2364 0.046338 547.061424 365.160656 557.125969 375.532694
af822d18-a1eb2364 0.031285 18.671739 380.138111 32.949121 393.747511
af822d18-a1eb2364 0.030483 1214.891434 379.464126 1272.472000 431.779733
af822d18-a1eb2364 0.023580 879.087677 371.230860 937.994385 440.012398
af822d18-a1eb2364 0.021951 1174.267044 369.079514 1220.054245 425.091934
af822d18-a1eb2364 0.021725 17.932017 467.518044 71.153316 492.640514
af822d18-a1eb2364 0.021282 52.794876 466.121149 107.496014 491.427984
af822d18-a1eb2364 0.013295 182.844982 366.987648 196.589870 381.894979
af822d18-a1eb2364 0.011704 1215.132294 401.651402 1279.290771 457.850504
af822d18-a1eb2364 0.011522 458.594818 355.989110 471.985931 368.206573
aeddb3d5-00000000 0.863054 443.901978 314.977899 472.844925 337.337909
aeddb3d5-00000000 0.772575 480.781784 312.372637 521.852188 345.347629
aeddb3d5-00000000 0.287373 558.847618 324.605656 581.974831 343.239670
aeddb3d5-00000000 0.110717 1077.562027 301.506321 1145.837936 327.190897
aeddb3d5-00000000 0.080622 763.647308 312.578158 794.377747 339.464493
aeddb3d5-00000000 0.070840 404.063797 321.960075 420.869675 334.743569
aeddb3d5-00000000 0.043571 470.382347 306.072621 485.484352 314.876747
aeddb3d5-00000000 0.042401 1157.488022 304.802177 1213.956680 334.368532
aeddb3d5-00000000 0.037435 1086.058655 300.706658 1133.522186 318.905296
aeddb3d5-00000000 0.037118 1041.118088 311.603529 1090.115433 334.170735
aeddb3d5-00000000 0.035960 521.822891 296.643219 536.465836 306.812825
aeddb3d5-00000000 0.029764 1226.539154 293.124397 1266.766052 353.626492
aeddb3d5-00000000 0.029576 636.054306 304.894810 664.244308 337.953959
aeddb3d5-00000000 0.029370 726.545944 317.268162 747.360458 339.803653
aeddb3d5-00000000 0.018185 462.208557 263.361962 477.722931 273.854806
aeddb3d5-00000000 0.017551 1241.506195 320.393000 1274.458923 391.806536
aeddb3d5-00000000 0.016610 1158.802948 326.151187 1226.642914 387.089882
aeddb3d5-00000000 0.015109 510.262566 252.687414 531.261101 267.780740
aeddb3d5-00000000 0.014905 162.189732 334.712305 190.574207 347.025061
aeddb3d5-00000000 0.014788 1068.806839 321.417775 1166.738510 380.323076
aeddb3d5-00000000 0.014196 661.170578 282.436759 684.269485 301.717465
aeddb3d5-00000000 0.013322 310.406342 327.455771 325.301323 340.475214
aeddb3d5-00000000 0.013036 1211.357651 291.400402 1232.955399 314.663737
aeddb3d5-00000000 0.012611 826.146088 305.588043 855.342712 329.617202
aeddb3d5-00000000 0.012400 966.994324 304.479346 1020.625305 335.340114
aeddb3d5-00000000 0.012172 7.393606 675.867062 84.038067 715.709925
aeddb3d5-00000000 0.012136 1251.044769 359.230657 1280.000000 430.611663
aeddb3d5-00000000 0.012025 574.746170 285.546727 590.530319 301.284299
aeddb3d5-00000000 0.010517 264.028187 328.654311 286.726475 340.801241
aeddb3d5-00000000 0.010111 1226.890793 285.254109 1256.747818 312.090232
aec7cd49-00000000 0.984177 487.147026 368.552170 555.453072 414.552784
aec7cd49-00000000 0.975797 643.342285 354.565458 660.362701 370.059357
aec7cd49-00000000 0.972128 745.157166 349.779325 784.743500 379.740930
aec7cd49-00000000 0.966683 710.483856 349.359291 727.516785 365.281377
aec7cd49-00000000 0.956955 951.635361 340.428758 1017.820053 378.941674
aec7cd49-00000000 0.713107 595.207405 359.986739 616.678047 379.940915
aec7cd49-00000000 0.631893 717.769318 341.890841 729.352875 352.118769
aec7cd49-00000000 0.461614 539.822693 364.496584 580.861435 403.568172
aec7cd49-00000000 0.332987 282.107964 364.082451 350.223083 408.835773
aec7cd49-00000000 0.285815 674.918823 345.940483 684.389648 354.103153
aec7cd49-00000000 0.210275 222.347908 369.705520 270.548744 405.424819
aec7cd49-00000000 0.185545 131.596699 368.605728 202.582569 408.858175
aec7cd49-00000000 0.161270 275.349770 357.716539 357.734032 394.229364
aec7cd49-00000000 0.157749 832.832565 346.437764 866.014175 364.015031
aec7cd49-00000000 0.146357 533.388252 361.836863 555.461311 380.865097
aec7cd49-00000000 0.119435 217.874241 357.873802 263.278179 386.950235
aec7cd49-00000000 0.118733 68.439298 366.454511 176.569080 419.678893
aec7cd49-00000000 0.112690 169.047909 363.651152 212.128735 389.369631
aec7cd49-00000000 0.102617 350.519409 362.945838 380.947342 418.887877
aec7cd49-00000000 0.058933 865.228424 326.067202 882.814178 343.930199
aec7cd49-00000000 0.044114 78.497720 355.951216 159.816494 384.793825
aec7cd49-00000000 0.043174 797.782974 325.351310 811.613846 339.948964
aec7cd49-00000000 0.037713 1010.972519 328.977313 1061.205368 380.998006
aec7cd49-00000000 0.032335 349.517097 363.914566 379.637260 391.047792
aec7cd49-00000000 0.026295 901.908264 347.743249 924.064026 368.975015
aec7cd49-00000000 0.022538 656.723709 296.153212 668.298111 306.045113
aec7cd49-00000000 0.021302 9.419378 425.781584 47.225614 504.477339
aec7cd49-00000000 0.020334 466.135254 370.510783 490.320053 413.115163
aec7cd49-00000000 0.018599 1082.813721 337.583363 1137.860565 381.181726
aec7cd49-00000000 0.014772 959.696808 336.293285 986.656342 351.879022
aec7cd49-00000000 0.014702 573.258667 325.218916 587.862701 341.202736
aec7cd49-00000000 0.013677 0.000000 420.806065 48.284378 480.567484
aec7cd49-00000000 0.010308 16.774498 379.722304 53.219018 427.933059
aec7cd49-00000000 0.010162 72.831039 407.543206 135.958652 463.867192
aec7cd49-00000000 0.010160 158.101921 412.021894 202.366257 458.098383
af3dc221-1f206eeb 0.994666 181.535168 316.389985 503.222733 478.833661
af3dc221-1f206eeb 0.978601 654.226074 336.397719 743.246155 390.831456
af3dc221-1f206eeb 0.976309 508.260689 329.476204 658.071823 417.034407
af3dc221-1f206eeb 0.948268 1078.573380 267.802112 1276.709061 559.108229
af3dc221-1f206eeb 0.915673 929.481735 319.520767 946.593704 337.180259
af3dc221-1f206eeb 0.911960 976.669769 317.254536 997.834167 335.311210
af3dc221-1f206eeb 0.810675 801.003342 327.087729 855.918961 365.459518
af3dc221-1f206eeb 0.768433 780.178299 331.166253 798.146591 346.615262
af3dc221-1f206eeb 0.716456 841.185608 326.570749 862.525635 345.445132
af3dc221-1f206eeb 0.678841 479.628296 349.339678 523.241119 383.100729
af3dc221-1f206eeb 0.674369 770.780258 333.069892 819.918900 366.253710
af3dc221-1f206eeb 0.595371 63.926854 391.350646 179.905834 455.207992
af3dc221-1f206eeb 0.589218 104.760666 383.773212 189.443855 428.754501
af3dc221-1f206eeb 0.568259 737.894592 333.025067 754.594574 348.626640
af3dc221-1f206eeb 0.217833 17.931869 388.782463 57.535963 461.555815
af3dc221-1f206eeb 0.147281 644.219894 331.700377 662.398148 347.121449
af3dc221-1f206eeb 0.142724 457.713890 347.658942 481.436424 372.944126
af3dc221-1f206eeb 0.107496 862.617493 322.362900 913.962555 365.676284
af3dc221-1f206eeb 0.082870 632.134781 337.260854 666.275558 366.574073
af3dc221-1f206eeb 0.071106 13.724196 385.446911 43.579950 437.092781
af3dc221-1f206eeb 0.046204 175.654316 368.365746 198.565502 386.542969
af3dc221-1f206eeb 0.043114 474.341583 353.849845 518.602905 409.657731
af3dc221-1f206eeb 0.042929 1070.884628 336.230350 1119.912796 371.564183
af3dc221-1f206eeb 0.035401 75.441732 385.407000 105.493612 428.615026
af3dc221-1f206eeb 0.023403 943.626633 304.286914 950.372238 313.602848
ac56c836-bdabca21 0.993863 523.056030 296.946158 789.247589 537.271228
ac56c836-bdabca21 0.992808 55.038757 323.956711 263.230629 466.853328
ac56c836-bdabca21 0.984561 498.745499 338.393111 538.720169 374.439683
ac56c836-bdabca21 0.974310 0.414591 322.593613 149.158735 541.077690
ac56c836-bdabca21 0.969619 441.699181 333.818829 485.142021 371.357546
ac56c836-bdabca21 0.862191 255.393028 332.324882 384.931526 426.559682
ac56c836-bdabca21 0.734761 345.698738 328.094480 434.002953 399.150681
ac56c836-bdabca21 0.592661 273.305569 322.885287 320.471115 341.639464
ac56c836-bdabca21 0.591929 515.585403 334.746037 530.802536 348.743262
ac56c836-bdabca21 0.545978 225.863647 335.790145 271.458588 371.371708
ac56c836-bdabca21 0.378365 229.673748 328.936050 264.148083 346.788447
ac56c836-bdabca21 0.209902 53.586922 310.634329 160.411587 342.455328
ac56c836-bdabca21 0.146472 425.783043 320.255005 474.439125 354.041955
ac56c836-bdabca21 0.097462 16.058753 313.597870 71.763744 341.374569
ac56c836-bdabca21 0.094244 302.703686 280.165744 439.929199 383.879428
ac56c836-bdabca21 0.065141 42.693362 322.538209 141.376572 375.428839
ac56c836-bdabca21 0.047016 9.207478 303.890247 226.826782 469.873409
ac56c836-bdabca21 0.042396 555.491409 328.512218 572.795792 344.835370
ac56c836-bdabca21 0.034656 162.987823 317.380300 199.989243 334.976707
ac56c836-bdabca21 0.027135 747.928543 345.321944 763.898239 373.313026
ac56c836-bdabca21 0.027087 349.969292 354.723430 413.704643 409.054685
ac56c836-bdabca21 0.024739 1.588526 314.207654 93.940153 389.297876
ac56c836-bdabca21 0.024403 84.866352 433.296018 137.103672 526.559472
ac56c836-bdabca21 0.022805 48.806672 387.352610 145.840282 508.078880
ac56c836-bdabca21 0.017955 589.467049 298.628762 599.333229 309.339616
ac56c836-bdabca21 0.015388 775.950165 343.802590 791.263885 381.909099
ac56c836-bdabca21 0.015171 506.716957 352.740011 562.312737 403.847380
ac56c836-bdabca21 0.014851 527.410240 322.698669 571.022148 384.831719
ada0552e-51d73d3c 0.986896 1126.526337 385.771523 1210.912323 436.461840
ada0552e-51d73d3c 0.974576 437.181778 379.250922 477.902451 400.720611
ada0552e-51d73d3c 0.949481 272.714176 382.691274 341.975327 410.700746
ada0552e-51d73d3c 0.932967 210.063839 378.708129 259.938488 404.327817
ada0552e-51d73d3c 0.705437 504.778709 387.685547 521.170921 399.533615
ada0552e-51d73d3c 0.636330 183.281555 372.287736 203.986320 386.111026
ada0552e-51d73d3c 0.626283 627.271423 388.432016 656.275330 405.340061
ada0552e-51d73d3c 0.562175 846.388474 384.594140 922.747574 421.557899
ada0552e-51d73d3c 0.519300 175.257435 386.215138 204.978466 402.887321
ada0552e-51d73d3c 0.510921 369.673882 384.047656 398.258400 401.727233
ada0552e-51d73d3c 0.358750 146.784639 397.014184 206.454849 457.658029
ada0552e-51d73d3c 0.324769 229.062710 372.150621 251.748791 385.769720
ada0552e-51d73d3c 0.224574 374.852333 366.795988 397.596016 383.408689
ada0552e-51d73d3c 0.204296 504.650002 368.701344 517.623177 380.208836
ada0552e-51d73d3c 0.187869 452.958221 363.157711 473.503113 378.747997
ada0552e-51d73d3c 0.137381 318.308506 361.333466 333.130188 375.383778
ada0552e-51d73d3c 0.120793 655.756073 376.330147 672.390137 388.773279
ada0552e-51d73d3c 0.112697 122.470856 392.272124 145.991936 411.819634
ada0552e-51d73d3c 0.071064 5.406452 388.985066 29.763422 418.460097
ada0552e-51d73d3c 0.062552 978.216171 399.235868 1000.774460 413.958063
ada0552e-51d73d3c 0.053321 589.136696 388.342495 606.217766 400.538435
ada0552e-51d73d3c 0.044900 720.317383 402.453403 738.091125 415.966587
ada0552e-51d73d3c 0.040423 589.017906 377.557998 606.081505 388.967557
ada0552e-51d73d3c 0.029843 782.687225 395.479488 806.673279 412.716694
ada0552e-51d73d3c 0.022388 718.407669 366.066856 734.066086 380.040350
ada0552e-51d73d3c 0.021319 116.454544 399.036570 155.161819 469.431982
ad522266-1f8f3ba4 0.998864 462.690811 294.729238 668.126984 455.633197
ad522266-1f8f3ba4 0.989184 881.084061 334.669518 951.605606 370.114417
ad522266-1f8f3ba4 0.984944 226.059780 298.625221 275.958920 331.289763
ad522266-1f8f3ba4 0.972728 140.809755 292.027802 208.025398 335.395689
ad522266-1f8f3ba4 0.967027 72.037463 294.451425 147.222176 338.115513
ad522266-1f8f3ba4 0.959245 943.824310 327.569432 1048.087616 378.842325
ad522266-1f8f3ba4 0.933024 436.799889 308.162427 467.179909 330.984077
ad522266-1f8f3ba4 0.918240 713.580933 318.461466 738.507996 339.298582
ad522266-1f8f3ba4 0.909356 818.923569 331.205349 875.751114 366.489015
ad522266-1f8f3ba4 0.884118 291.088486 301.718001 325.888138 328.369203
ad522266-1f8f3ba4 0.873706 4.101331 286.926348 56.301088 340.186436
ad522266-1f8f3ba4 0.861782 1039.819107 325.795591 1176.469955 395.419621
ad522266-1f8f3ba4 0.849258 1085.866776 322.894106 1268.497543 408.553047
ad522266-1f8f3ba4 0.830957 755.676498 322.782161 793.670120 346.399376
ad522266-1f8f3ba4 0.735470 361.521530 305.943103 388.348083 328.797240
ad522266-1f8f3ba4 0.674141 995.141602 328.610859 1087.071381 382.705522
ad522266-1f8f3ba4 0.587204 1032.757874 322.428303 1072.400055 338.726735
ad522266-1f8f3ba4 0.498419 648.245010 316.084063 674.898911 334.617612
ad522266-1f8f3ba4 0.466485 643.252640 320.854082 716.675797 384.315662
ad522266-1f8f3ba4 0.399163 1201.927567 329.492962 1275.610886 407.942019
ad522266-1f8f3ba4 0.396000 488.023911 308.222122 509.530106 328.387871
ad522266-1f8f3ba4 0.390831 828.709106 326.037805 863.082886 348.310397
ad522266-1f8f3ba4 0.309981 1106.106110 318.326283 1141.398926 334.496827
ad522266-1f8f3ba4 0.277833 924.482117 327.142081 950.131989 343.402362
ad522266-1f8f3ba4 0.270317 976.773834 320.422568 1001.623993 335.347195
ad522266-1f8f3ba4 0.159235 670.178680 293.125448 684.176788 305.510902
ad522266-1f8f3ba4 0.141324 584.466743 280.808122 609.387779 293.656933
ad522266-1f8f3ba4 0.102492 303.476887 288.642576 323.692055 303.722556
ad522266-1f8f3ba4 0.091746 1219.382324 314.719269 1264.244843 340.293810
ad522266-1f8f3ba4 0.087776 520.488281 276.683528 532.755051 289.743011
ad522266-1f8f3ba4 0.085185 91.876497 285.206881 112.702169 302.710118
ad522266-1f8f3ba4 0.076855 387.433815 287.116270 399.127312 300.303125
ad522266-1f8f3ba4 0.076148 236.562138 289.020810 260.915356 305.297656
ad522266-1f8f3ba4 0.061983 457.176437 292.889478 478.451767 308.945310
ad522266-1f8f3ba4 0.060071 703.240509 291.244318 718.739319 305.577099
ad522266-1f8f3ba4 0.050375 533.365440 290.067515 632.093163 328.969073
ad522266-1f8f3ba4 0.046585 170.454121 283.554640 192.032185 298.812289
ad522266-1f8f3ba4 0.043245 9.619113 276.460969 34.559460 306.075776
ad522266-1f8f3ba4 0.030895 783.269577 301.107659 796.874466 313.099108
ad522266-1f8f3ba4 0.030237 1192.770004 311.349685 1215.866623 331.411278
ad522266-1f8f3ba4 0.026903 1221.114807 341.905904 1278.571930 420.359874
ad522266-1f8f3ba4 0.017937 420.857697 432.409258 438.456039 441.241236
ad522266-1f8f3ba4 0.017078 804.527512 331.687202 836.288376 362.020669
ad522266-1f8f3ba4 0.015866 1126.368027 343.847952 1245.958633 413.877983
af60c09f-00000000 0.985846 797.920227 373.150806 882.723541 409.757767
af60c09f-00000000 0.971887 3.323679 409.360371 202.628479 697.721615
af60c09f-00000000 0.970420 492.229004 374.149747 538.356552 407.335925
af60c09f-00000000 0.963029 1086.336517 374.392605 1166.570587 411.910400
af60c09f-00000000 0.956564 359.771233 369.416056 494.422340 464.526930
af60c09f-00000000 0.896483 536.345482 337.161956 721.246796 494.663157
af60c09f-00000000 0.889804 302.455482 380.260334 335.058975 403.978872
af60c09f-00000000 0.719774 155.556145 376.059136 199.999695 402.886376
af60c09f-00000000 0.710131 1.276643 366.174960 28.657203 407.060752
af60c09f-00000000 0.651112 699.727783 373.235178 740.416412 401.483688
af60c09f-00000000 0.624890 1175.564194 370.508380 1273.065414 414.916492
af60c09f-00000000 0.526714 339.188271 374.114556 379.784737 407.657533
af60c09f-00000000 0.393435 1151.437836 376.567254 1202.401733 412.304664
af60c09f-00000000 0.318062 707.057800 363.638749 729.021759 380.770812
af60c09f-00000000 0.290894 84.346390 370.433235 118.605824 403.970547
af60c09f-00000000 0.240093 148.811035 361.987882 193.210258 394.663453
af60c09f-00000000 0.220922 762.136536 375.141220 789.857483 402.854748
af60c09f-00000000 0.215144 6.213443 357.908907 32.500470 395.531588
af60c09f-00000000 0.185191 258.115406 376.901393 278.808041 401.471200
af60c09f-00000000 0.142993 253.126717 371.501913 271.627121 388.029728
af60c09f-00000000 0.127998 318.333950 369.644237 335.982132 385.026040
af60c09f-00000000 0.124890 110.713463 364.264755 133.685589 387.688637
af60c09f-00000000 0.082601 516.925545 365.239363 536.934090 381.307640
af60c09f-00000000 0.076881 944.094925 375.331721 996.861038 403.155284
af60c09f-00000000 0.069077 1171.684036 372.455106 1205.610428 388.394723
af60c09f-00000000 0.065805 376.083832 345.327909 391.547470 362.888589
af60c09f-00000000 0.055475 1061.376190 375.441885 1099.843292 405.119648
af60c09f-00000000 0.041298 1118.815613 373.501339 1148.560181 390.009155
af60c09f-00000000 0.027045 780.126953 345.803218 794.359741 365.354676
af60c09f-00000000 0.025070 464.096146 366.524677 482.414322 380.291576
af60c09f-00000000 0.022523 908.852234 381.417975 924.852142 403.540406
af60c09f-00000000 0.020041 670.153122 356.023057 689.427109 370.305820
ac6e638d-7c84846d 0.991493 790.325546 440.514765 871.622696 493.247938
ac6e638d-7c84846d 0.981953 284.370956 430.233922 572.034378 628.222404
ac6e638d-7c84846d 0.958409 532.727432 434.048967 601.667633 493.249397
ac6e638d-7c84846d 0.957857 724.220734 434.768443 798.426666 487.492604
ac6e638d-7c84846d 0.934423 892.506866 433.239326 1076.564178 547.691889
ac6e638d-7c84846d 0.917431 605.026169 432.116404 624.915237 448.812790
ac6e638d-7c84846d 0.911092 647.300186 434.874530 663.534012 448.875747
ac6e638d-7c84846d 0.858993 698.487473 436.330862 719.188309 455.144606
ac6e638d-7c84846d 0.841400 848.996353 443.319840 924.879990 502.306552
ac6e638d-7c84846d 0.829522 1132.233582 484.670491 1278.584137 625.349736
ac6e638d-7c84846d 0.223052 891.249008 435.558944 928.442001 454.750857
ac6e638d-7c84846d 0.204646 769.720230 434.059010 799.067764 457.736950
ac6e638d-7c84846d 0.124151 829.020538 437.955508 871.072998 459.163156
ac6e638d-7c84846d 0.071208 529.432678 427.585788 543.960342 442.699885
ac6e638d-7c84846d 0.043703 1093.110657 423.242497 1155.661316 554.049239
ac6e638d-7c84846d 0.037884 516.289215 436.941032 566.426468 498.046389
ac6e638d-7c84846d 0.035034 1215.194550 486.465425 1279.295502 559.617805
ac6e638d-7c84846d 0.029194 1182.617950 495.511250 1270.663757 614.883971
ac6e638d-7c84846d 0.025619 12.528067 495.283456 200.760460 644.724898
ac6e638d-7c84846d 0.024863 663.068314 417.463646 670.886307 427.141142
ac6e638d-7c84846d 0.021700 719.238663 440.528369 747.384567 476.353583
ac6e638d-7c84846d 0.018967 576.316566 395.678873 587.659645 408.163118
ac6e638d-7c84846d 0.015504 19.803832 532.427073 53.700867 562.600851
ac6e638d-7c84846d 0.014523 320.012474 623.785386 331.835213 631.649537
ac6e638d-7c84846d 0.013819 27.479105 536.891127 187.547226 655.061102
ac6e638d-7c84846d 0.013367 155.798588 613.388886 572.193298 715.811934
ac6e638d-7c84846d 0.011017 4.971256 240.318074 216.598816 633.166080
ac6e638d-7c84846d 0.010774 4.458618 113.791559 332.602158 613.980646
ac6e638d-7c84846d 0.010348 1119.362259 522.497535 1280.000000 678.268476
ac6e638d-7c84846d 0.010090 1140.079269 532.180052 1206.835098 610.198345
acaaf824-00000000 0.995687 829.681625 377.734208 865.590744 404.026380
acaaf824-00000000 0.994319 889.170685 376.558757 935.128021 412.257628
acaaf824-00000000 0.994031 951.775894 377.620697 1027.070084 420.654745
acaaf824-00000000 0.992578 530.728378 382.060504 549.621353 400.272574
acaaf824-00000000 0.940057 771.483765 374.951148 788.731689 392.185264
acaaf824-00000000 0.926336 575.785675 382.977691 593.718262 399.310842
acaaf824-00000000 0.916434 782.585144 376.466103 804.623108 398.558750
acaaf824-00000000 0.888748 732.092209 373.576097 744.741745 385.768948
acaaf824-00000000 0.856270 591.240654 381.635170 602.480659 391.222115
acaaf824-00000000 0.846067 450.182190 382.689385 495.653381 409.201455
acaaf824-00000000 0.526091 545.734444 380.088072 560.716286 393.195791
acaaf824-00000000 0.154386 280.384331 386.926117 315.668411 412.980881
acaaf824-00000000 0.137931 661.322632 380.909514 671.235199 390.264630
acaaf824-00000000 0.107004 831.296997 373.993149 850.678253 391.346140
acaaf824-00000000 0.086383 260.538483 384.301629 282.954330 410.178638
acaaf824-00000000 0.077860 726.394348 384.398575 742.573853 400.777645
acaaf824-00000000 0.057312 369.586830 379.370012 408.082314 410.328712
acaaf824-00000000 0.053411 9.010059 366.897697 38.187075 430.230446
acaaf824-00000000 0.026381 461.157684 372.171693 474.641571 385.599904
acaaf824-00000000 0.023392 0.000000 435.979857 36.624775 565.241389
acaaf824-00000000 0.020667 914.706879 362.051911 928.719940 377.153907
acaaf824-00000000 0.020183 1245.182495 369.221177 1266.600342 415.794969
acaaf824-00000000 0.019914 16.039073 344.242988 53.737440 398.635097
af7f0bb2-00000000 0.991049 697.231064 383.741455 750.503159 425.986290
af7f0bb2-00000000 0.986790 625.586166 389.721923 665.573044 419.881282
af7f0bb2-00000000 0.972391 566.146278 386.883802 597.474632 410.819750
af7f0bb2-00000000 0.869818 589.341888 359.779415 602.960815 371.588430
af7f0bb2-00000000 0.595800 655.249481 366.857142 667.986298 377.471652
af7f0bb2-00000000 0.592434 709.415970 367.518167 724.655075 379.196978
af7f0bb2-00000000 0.555993 527.302475 357.242560 542.744446 369.176717
af7f0bb2-00000000 0.445202 590.098572 345.825899 601.326675 353.702238
af7f0bb2-00000000 0.323115 1131.825409 357.380619 1260.590515 420.366783
af7f0bb2-00000000 0.296455 1201.624298 366.193628 1262.588043 416.300039
af7f0bb2-00000000 0.282552 1152.676926 354.051998 1206.294022 383.448472
af7f0bb2-00000000 0.281768 861.635056 368.971195 881.821823 385.388460
af7f0bb2-00000000 0.220942 1045.265579 367.299256 1071.320572 387.484574
af7f0bb2-00000000 0.213882 850.920334 375.240784 874.454117 420.071268
af7f0bb2-00000000 0.200811 798.535614 380.573916 826.842346 412.282090
af7f0bb2-00000000 0.199474 672.490540 335.196755 682.770386 345.982239
af7f0bb2-00000000 0.192617 1248.135529 365.218463 1274.171143 384.872918
af7f0bb2-00000000 0.168392 793.153915 377.569885 811.778793 390.592718
af7f0bb2-00000000 0.157422 910.671997 369.840875 934.342346 387.273946
af7f0bb2-00000000 0.116854 907.542725 373.346114 933.048553 424.418893
af7f0bb2-00000000 0.112761 523.224983 341.535244 540.004005 351.653309
af7f0bb2-00000000 0.092987 1134.879456 359.108262 1161.054230 379.987779
af7f0bb2-00000000 0.091713 981.015549 370.555201 1013.162460 421.201229
af7f0bb2-00000000 0.088347 996.462479 370.344872 1020.068741 388.595481
af7f0bb2-00000000 0.060418 535.052185 387.061429 550.228043 403.050914
af7f0bb2-00000000 0.055330 1047.169647 370.548334 1075.390930 402.408342
af7f0bb2-00000000 0.047377 1113.846207 366.859159 1154.280777 410.116796
af7f0bb2-00000000 0.033547 1.285429 594.729638 62.700195 693.974891
af7f0bb2-00000000 0.028635 706.204147 316.906085 731.455307 334.102306
af7f0bb2-00000000 0.025829 984.046631 10.690148 1280.000000 371.970892
af7f0bb2-00000000 0.015715 669.507828 487.835927 675.442734 493.970246
af7f0bb2-00000000 0.015020 745.456161 488.816371 750.210495 493.564353
af7f0bb2-00000000 0.014383 1088.849411 316.375587 1277.423935 444.811578
af7f0bb2-00000000 0.013250 68.748255 404.844260 118.328505 444.804368
af7f0bb2-00000000 0.013102 1005.176392 219.160466 1269.841766 445.584097
af7f0bb2-00000000 0.011656 72.917328 403.825407 106.771240 429.548092
ae1305f8-00000000 0.996088 361.865387 489.255567 405.596008 521.091027
ae1305f8-00000000 0.994993 215.177860 494.642000 287.716312 528.664942
ae1305f8-00000000 0.990307 559.521065 484.759884 620.552025 525.626965
ae1305f8-00000000 0.972778 634.067535 475.947003 768.535309 588.488460
ae1305f8-00000000 0.938675 24.603710 486.169353 143.990993 543.200669
ae1305f8-00000000 0.903793 398.354568 482.462969 538.894806 587.882366
ae1305f8-00000000 0.887586 132.116270 494.759116 177.828960 525.932136
ae1305f8-00000000 0.851414 1126.548309 476.329937 1254.919739 532.157135
ae1305f8-00000000 0.826592 392.049026 486.411438 417.070770 503.420420
ae1305f8-00000000 0.777827 638.375511 478.752165 659.267883 498.034801
ae1305f8-00000000 0.746224 18.837059 488.913317 93.519897 544.280291
ae1305f8-00000000 0.705020 517.011108 485.436959 555.369263 520.554500
ae1305f8-00000000 0.680825 1187.806931 476.906505 1273.732529 532.355876
ae1305f8-00000000 0.652839 419.402695 478.652086 449.686050 494.955368
ae1305f8-00000000 0.467779 304.993305 481.454501 325.196609 495.832343
ae1305f8-00000000 0.460534 601.929817 478.882670 620.278816 493.916345
ae1305f8-00000000 0.380305 626.831474 483.880720 656.153488 515.898571
ae1305f8-00000000 0.352243 479.730606 463.454218 534.977417 497.725124
ae1305f8-00000000 0.308049 249.985847 486.366549 271.107025 500.491533
ae1305f8-00000000 0.212884 1188.785934 466.455116 1219.761887 485.722389
ae1305f8-00000000 0.209012 305.765457 491.275849 346.916733 519.931111
ae1305f8-00000000 0.197785 90.241585 482.472925 126.317444 497.917471
ae1305f8-00000000 0.148658 161.332436 481.797867 182.387886 497.103453
ae1305f8-00000000 0.119379 1240.821991 467.842913 1274.790039 489.671545
ae1305f8-00000000 0.112933 933.999329 485.117068 988.695068 517.288642
ae1305f8-00000000 0.103208 719.639664 468.515482 735.678635 482.588882
ae1305f8-00000000 0.101043 16.598026 479.523010 50.345426 498.505154
ae1305f8-00000000 0.097799 777.190323 476.368732 795.489120 492.773466
ae1305f8-00000000 0.090900 406.838379 492.642918 492.896729 540.887918
ae1305f8-00000000 0.081123 1035.853119 487.898755 1092.561188 523.635135
ae1305f8-00000000 0.068203 1086.448975 473.799777 1144.710083 527.785392
ae1305f8-00000000 0.053421 8.982010 658.634362 163.954277 714.510827
ae1305f8-00000000 0.041173 862.588501 468.567753 877.238007 492.478209
ae1305f8-00000000 0.039388 924.923019 484.560671 952.799301 516.347036
ae1305f8-00000000 0.032458 1099.737396 468.579941 1126.566620 498.538799
ae1305f8-00000000 0.032411 969.713745 474.669886 989.186401 503.804255
ae1305f8-00000000 0.031447 928.307266 475.583811 942.726059 499.496155
affb45a2-ae5450a0 0.995368 476.048965 237.742467 807.168655 546.326795
affb45a2-ae5450a0 0.975227 994.328461 325.252819 1254.537659 445.439644
affb45a2-ae5450a0 0.970671 887.219772 319.174933 1043.177719 410.896010
affb45a2-ae5450a0 0.747513 859.827042 317.807500 972.449265 400.396256
affb45a2-ae5450a0 0.596656 1184.749374 350.404987 1277.460098 484.515867
affb45a2-ae5450a0 0.259711 831.065750 333.993473 880.203323 386.867752
affb45a2-ae5450a0 0.125992 762.003479 338.459330 802.967987 393.834543
affb45a2-ae5450a0 0.044372 1.015816 430.574713 81.036282 544.757853
affb45a2-ae5450a0 0.026281 146.439667 327.645693 200.181656 349.278846
affb45a2-ae5450a0 0.021602 276.852150 343.664961 336.546478 367.357664
affb45a2-ae5450a0 0.020502 1233.508148 336.953130 1278.940277 393.711677
affb45a2-ae5450a0 0.019843 729.378052 353.867569 764.591827 386.468124
affb45a2-ae5450a0 0.019390 1115.413666 346.293311 1231.431732 432.560449
affb45a2-ae5450a0 0.016945 780.094223 327.124164 802.521896 348.340824
affb45a2-ae5450a0 0.016427 331.273766 349.076221 397.660561 377.257848
affb45a2-ae5450a0 0.016358 949.244156 312.949548 1014.448013 339.994283
affb45a2-ae5450a0 0.015889 6.648641 512.224803 51.748967 577.955575
affb45a2-ae5450a0 0.014717 14.414461 488.102689 70.724230 551.740651
affb45a2-ae5450a0 0.014431 993.295898 332.250767 1066.501160 387.746143
affb45a2-ae5450a0 0.013730 1042.529602 321.017847 1067.754364 339.405527
affb45a2-ae5450a0 0.012793 294.140167 334.275320 324.226990 355.563776
affb45a2-ae5450a0 0.012600 1037.203064 331.945961 1188.409576 395.964861
affb45a2-ae5450a0 0.012193 223.612823 332.158842 253.475342 352.082849
affb45a2-ae5450a0 0.011971 965.763321 348.862631 1029.435349 411.744275
affb45a2-ae5450a0 0.010684 335.371971 381.672120 411.709785 422.924666
affb45a2-ae5450a0 0.010624 444.260292 334.266307 460.664253 334.266865
affb45a2-ae5450a0 0.010250 214.018803 334.346130 272.506161 366.166377
ad9f7908-42ec4c0e 0.998074 208.581505 198.848140 788.017273 636.761055
ad9f7908-42ec4c0e 0.928235 210.772533 276.355762 300.210819 345.853043
ad9f7908-42ec4c0e 0.845716 43.845725 296.787779 171.479702 371.467366
ad9f7908-42ec4c0e 0.760714 734.143677 316.462533 757.041473 340.531518
ad9f7908-42ec4c0e 0.702801 6.252384 307.303176 154.635983 384.589119
ad9f7908-42ec4c0e 0.421531 15.787263 322.364445 113.070545 385.957131
ad9f7908-42ec4c0e 0.221891 758.572388 325.306206 785.082245 341.808958
ad9f7908-42ec4c0e 0.145569 85.130148 293.371439 152.510462 312.084117
ad9f7908-42ec4c0e 0.091873 213.722649 277.640455 293.753433 320.781705
ad9f7908-42ec4c0e 0.068239 159.368601 299.456835 186.348972 328.257108
ad9f7908-42ec4c0e 0.066224 7.894063 302.400527 57.388024 343.308549
ad9f7908-42ec4c0e 0.057802 298.588028 285.029125 319.407883 300.172706
ad9f7908-42ec4c0e 0.045204 206.856747 310.307529 390.134506 514.405804
ad9f7908-42ec4c0e 0.037353 174.178696 294.364371 195.523567 314.376698
ad9f7908-42ec4c0e 0.036992 238.442192 280.575950 320.125198 345.492489
ad9f7908-42ec4c0e 0.025355 11.121757 282.263725 49.987726 314.526837
ad9f7908-42ec4c0e 0.020283 854.540787 330.612366 871.397018 340.417192
ad9f7908-42ec4c0e 0.018647 229.583244 359.735448 352.120361 441.399250
ad9f7908-42ec4c0e 0.017243 600.498123 297.452388 794.175797 580.480199
ad9f7908-42ec4c0e 0.016739 2.151155 416.517019 10.962443 465.534754
ad9f7908-42ec4c0e 0.016122 192.717228 363.736296 266.624851 429.104948
ad9f7908-42ec4c0e 0.015307 481.741180 384.761510 522.214508 412.864623
ad9f7908-42ec4c0e 0.014417 2.929840 344.437931 191.945934 528.962517
ad9f7908-42ec4c0e 0.012565 103.456202 310.979991 182.945023 382.158437
ad9f7908-42ec4c0e 0.012275 189.846306 364.394703 323.731842 557.183132
ad9f7908-42ec4c0e 0.012178 452.297630 388.684144 482.614555 417.906661
ad9f7908-42ec4c0e 0.011790 345.105019 388.089509 391.917381 425.647130
ad9f7908-42ec4c0e 0.011590 183.696213 382.038360 212.779465 412.455897
ad9f7908-42ec4c0e 0.011581 241.643257 474.330168 281.255569 520.707235
ad9f7908-42ec4c0e 0.011047 297.803211 261.473579 319.760342 275.927596
b0b5ca0a-79d60001 0.997647 519.622765 403.670053 803.957520 628.877163
b0b5ca0a-79d60001 0.971702 298.228359 432.704086 361.762886 464.025507
b0b5ca0a-79d60001 0.808432 508.033333 425.294237 541.587334 453.710117
b0b5ca0a-79d60001 0.787507 348.635979 427.879286 395.201302 456.422796
b0b5ca0a-79d60001 0.532329 149.470272 440.747752 194.197292 465.788083
b0b5ca0a-79d60001 0.364160 9.913363 439.977379 91.479416 484.353561
b0b5ca0a-79d60001 0.324310 413.003082 423.821168 536.714096 493.270211
b0b5ca0a-79d60001 0.289171 77.022600 446.101484 136.378508 477.396555
b0b5ca0a-79d60001 0.282256 96.062222 443.782682 130.165539 462.383738
b0b5ca0a-79d60001 0.239805 242.105141 437.487774 266.012764 454.807034
b0b5ca0a-79d60001 0.183550 541.438942 404.486647 590.539513 459.320612
b0b5ca0a-79d60001 0.142515 134.910097 445.350380 184.069252 474.536505
b0b5ca0a-79d60001 0.128569 432.165680 425.553746 485.890198 455.622125
b0b5ca0a-79d60001 0.099455 21.327772 439.180441 52.870526 460.026140
b0b5ca0a-79d60001 0.039186 378.945389 414.895678 392.568588 426.534834
b0b5ca0a-79d60001 0.037210 451.077881 399.410491 462.761383 411.881089
b0b5ca0a-79d60001 0.026060 748.921738 426.370511 765.906448 445.116448
b0b5ca0a-79d60001 0.024607 511.302414 418.042831 526.143875 430.847139
b0b5ca0a-79d60001 0.023229 768.501205 429.025683 785.379410 454.178023
b0b5ca0a-79d60001 0.014994 476.335297 564.680443 480.988617 569.346457
b0b5ca0a-79d60001 0.014381 975.484009 441.755147 998.895264 465.830569
b0b5ca0a-79d60001 0.013322 517.409897 545.992999 523.756866 553.063474
b0b5ca0a-79d60001 0.012359 552.287636 379.571285 614.128990 427.224054
b0b5ca0a-79d60001 0.011560 0.600309 468.208294 233.878899 709.154177
b0b5ca0a-79d60001 0.011166 588.738708 411.700029 699.203491 456.872206
b0b5ca0a-79d60001 0.011112 185.537758 408.939500 198.795738 419.324327
aca32929-00000000 0.991803 542.368584 404.854646 608.161507 452.517114
aca32929-00000000 0.991193 658.596649 393.415089 739.486542 457.020092
aca32929-00000000 0.943411 635.310669 398.378377 656.372375 415.822349
aca32929-00000000 0.879742 151.912422 427.666383 195.844460 450.107932
aca32929-00000000 0.774857 210.582733 425.152745 255.214043 447.127633
aca32929-00000000 0.755592 986.726990 363.159599 1149.817810 465.248079
aca32929-00000000 0.669595 591.328659 398.484249 611.193008 413.637571
aca32929-00000000 0.626613 840.134735 388.341422 933.458710 438.139615
aca32929-00000000 0.607056 21.268096 431.476665 57.337174 454.272094
aca32929-00000000 0.321032 715.907364 397.071004 737.459793 415.170379
aca32929-00000000 0.304256 837.808228 392.259421 877.993927 420.009942
aca32929-00000000 0.292438 528.976898 397.941885 546.967468 412.256813
aca32929-00000000 0.285999 967.775574 382.247143 1004.250793 411.781569
aca32929-00000000 0.233992 585.320396 376.605363 598.271828 387.153869
aca32929-00000000 0.201668 264.473572 417.637496 314.603310 441.568122
aca32929-00000000 0.186025 70.747313 427.826285 97.263937 449.248166
aca32929-00000000 0.112356 788.116913 398.008404 805.167847 411.534376
aca32929-00000000 0.078156 1033.330917 367.716994 1148.733597 438.126140
aca32929-00000000 0.065208 304.374390 414.351811 326.689072 432.178330
aca32929-00000000 0.064565 243.135757 414.351940 265.610390 428.336935
aca32929-00000000 0.044903 516.680222 371.247039 528.515244 382.854524
aca32929-00000000 0.031782 1165.563202 379.760113 1195.798340 406.353807
aca32929-00000000 0.028870 1180.475006 374.010615 1210.299835 388.151135
aca32929-00000000 0.018820 1.746107 443.995886 22.222018 489.381609
aca32929-00000000 0.017861 181.873474 409.043441 198.389511 423.481364
aca32929-00000000 0.017793 958.825302 354.183962 986.679764 378.177309
aca32929-00000000 0.017743 1245.734253 415.133386 1273.482361 441.379638
aca32929-00000000 0.017450 457.169952 385.888724 472.646484 401.884217
aca32929-00000000 0.016931 448.692780 350.084882 466.440125 368.099542
aca32929-00000000 0.016490 675.248108 364.249477 685.202179 377.123137
aca32929-00000000 0.016474 457.057610 426.271720 477.331276 446.217141
aca32929-00000000 0.014601 19.686416 382.971983 41.116600 404.070711
aca32929-00000000 0.014225 710.389633 369.889884 721.213760 381.679330
aca32929-00000000 0.013410 362.795410 398.366919 381.606064 417.038269
aca32929-00000000 0.013173 604.740067 338.880265 613.178329 350.436680
aca32929-00000000 0.012622 516.164322 411.149082 536.599121 437.421255
aca32929-00000000 0.012575 1077.689285 361.056447 1121.629715 382.727923
ae49bf6d-00000000 0.977345 682.253418 376.698318 748.459015 420.431800
ae49bf6d-00000000 0.974164 988.759079 373.712053 1074.343491 422.053871
ae49bf6d-00000000 0.967130 909.837189 386.474690 932.623138 408.784318
ae49bf6d-00000000 0.955523 847.941589 392.192559 865.751648 408.470778
ae49bf6d-00000000 0.934895 540.138397 372.247267 644.130859 425.283594
ae49bf6d-00000000 0.932870 954.190140 380.093179 983.171158 415.232348
ae49bf6d-00000000 0.394889 790.307770 389.335127 814.119568 411.982498
ae49bf6d-00000000 0.390315 2.403808 366.600294 71.535110 428.770037
ae49bf6d-00000000 0.111893 626.993484 377.014818 666.195602 415.234280
ae49bf6d-00000000 0.069811 712.830124 372.391205 736.318130 388.600674
ae49bf6d-00000000 0.044076 1234.288712 359.727960 1262.414627 412.116866
ae49bf6d-00000000 0.034111 168.807964 312.685833 298.387127 587.497587
ae49bf6d-00000000 0.022827 1199.280167 361.711593 1221.375656 410.857472
ae49bf6d-00000000 0.022170 797.056427 374.268665 816.059723 390.983934
ae49bf6d-00000000 0.020394 37.557983 337.847786 322.427139 445.892315
ae49bf6d-00000000 0.017938 285.600052 357.963581 326.797218 436.322708
ae49bf6d-00000000 0.016160 868.212662 380.434742 877.996597 389.245605
ae49bf6d-00000000 0.015660 219.511185 358.935742 289.372711 430.806327
ae49bf6d-00000000 0.015419 924.816055 371.494446 936.849136 383.566017
ae5f775e-0abb299c 0.947115 2.161818 343.206367 99.108534 426.568222
ae5f775e-0abb299c 0.944674 425.988846 294.183054 563.216400 408.494039
ae5f775e-0abb299c 0.900846 617.545242 303.234050 727.656937 396.050777
ae5f775e-0abb299c 0.864045 564.481010 315.719733 610.658379 354.331827
ae5f775e-0abb299c 0.794203 211.072388 343.858016 251.919289 375.638223
ae5f775e-0abb299c 0.745655 414.054871 322.519133 442.285538 348.605268
ae5f775e-0abb299c 0.648671 703.430328 309.320390 884.946594 430.761352
ae5f775e-0abb299c 0.633744 133.288527 345.791931 197.351646 382.123632
ae5f775e-0abb299c 0.425096 94.335461 346.253078 138.936825 375.332665
ae5f775e-0abb299c 0.408794 558.338432 317.327664 616.228600 369.023552
ae5f775e-0abb299c 0.336538 513.977928 310.770586 548.879662 343.818662
ae5f775e-0abb299c 0.126281 407.534714 324.084470 442.146454 364.111118
ae5f775e-0abb299c 0.085098 623.506393 307.134411 705.099411 348.495190
ae5f775e-0abb299c 0.060524 409.071579 325.005240 426.302567 345.530362
ae5f775e-0abb299c 0.055603 403.604279 333.719802 428.092880 370.168233
ae5f775e-0abb299c 0.048402 227.958183 252.204380 411.554794 384.408960
ae5f775e-0abb299c 0.046230 121.088676 366.613855 190.709763 403.592033
ae5f775e-0abb299c 0.038141 223.044643 330.480294 250.591259 351.972685
ae5f775e-0abb299c 0.034577 1212.132263 243.958261 1277.668152 305.575125
ae5f775e-0abb299c 0.033441 31.077428 338.818123 65.416903 353.495085
ae5f775e-0abb299c 0.032812 491.351166 287.478454 520.630264 302.163527
ae5f775e-0abb299c 0.031284 697.922440 307.766576 729.069901 331.914740
ae5f775e-0abb299c 0.030178 80.844660 335.481906 106.089048 353.039260
ae5f775e-0abb299c 0.022941 460.526962 301.326034 475.919418 312.590797
ae5f775e-0abb299c 0.017995 1236.569290 238.843954 1269.651413 277.207396
ae5f775e-0abb299c 0.014105 1219.234238 460.509882 1272.863693 578.796329
ae5f775e-0abb299c 0.013220 741.772995 486.771927 749.137039 489.798574
ae5f775e-0abb299c 0.012964 682.399750 446.100841 689.265442 450.126557
ae5f775e-0abb299c 0.012812 187.487545 324.780622 203.225117 345.817637
ae5f775e-0abb299c 0.012624 1169.905701 257.499597 1219.425049 300.721014
ae5f775e-0abb299c 0.012545 1027.811279 335.330586 1280.000000 560.529370
ae5f775e-0abb299c 0.012308 608.693581 462.201648 615.041008 466.045060
ae5f775e-0abb299c 0.011824 720.086670 293.785229 734.664917 311.586771
ae5f775e-0abb299c 0.011568 1184.386368 277.426200 1280.000000 484.225202
ae5f775e-0abb299c 0.011540 1235.560379 291.357014 1271.659775 370.093346
ae5f775e-0abb299c 0.011386 735.992966 302.006092 816.014328 331.623859
ae5f775e-0abb299c 0.011207 720.686188 438.914881 735.002899 448.529034
ae5f775e-0abb299c 0.010903 543.113365 462.573466 549.140968 465.898719
ae5f775e-0abb299c 0.010018 529.673386 485.525022 535.994339 489.709010
afdc295b-5efbee33 0.998340 187.286739 304.714050 472.655716 492.117720
afdc295b-5efbee33 0.994890 738.357544 329.087520 828.976288 392.839379
afdc295b-5efbee33 0.991103 980.080719 241.930747 1276.896820 592.099700
afdc295b-5efbee33 0.986956 616.617851 329.373593 689.672852 381.451406
afdc295b-5efbee33 0.852617 114.760723 365.729542 190.617905 416.616840
afdc295b-5efbee33 0.850664 78.207021 381.216574 138.750935 410.422783
afdc295b-5efbee33 0.654004 581.787033 328.124650 612.591019 353.779871
afdc295b-5efbee33 0.602908 818.776398 205.619688 1119.846191 458.022251
afdc295b-5efbee33 0.552428 12.287270 386.608157 36.535363 409.481349
afdc295b-5efbee33 0.528588 712.217407 328.304443 735.691376 348.081937
afdc295b-5efbee33 0.519248 667.328415 333.231297 688.031387 348.135324
afdc295b-5efbee33 0.513972 584.827461 331.760695 619.917641 362.389784
afdc295b-5efbee33 0.267653 3.124049 405.037293 51.269684 457.480102
afdc295b-5efbee33 0.133754 13.437669 377.453327 35.053346 390.044689
afdc295b-5efbee33 0.084354 441.718445 323.968320 463.360138 339.420719
afdc295b-5efbee33 0.081408 451.344643 345.486438 473.566933 365.993171
afdc295b-5efbee33 0.058893 787.532730 323.630168 810.572891 344.142115
afdc295b-5efbee33 0.050039 94.219885 367.810678 116.392603 381.650190
afdc295b-5efbee33 0.048573 516.817551 311.328871 533.759537 324.691465
afdc295b-5efbee33 0.043820 169.231987 360.939116 193.046799 380.190682
afdc295b-5efbee33 0.037017 35.540936 330.422809 61.750565 345.397818
afdc295b-5efbee33 0.030166 731.261063 333.490226 756.085587 363.126941
afdc295b-5efbee33 0.027919 69.470787 323.186746 97.481232 342.616367
afdc295b-5efbee33 0.014871 668.439026 471.488657 674.695892 476.578503
afdc295b-5efbee33 0.013711 483.967743 344.875453 513.603210 362.236276
afdc295b-5efbee33 0.010576 648.302536 476.295605 658.222885 483.882780
afdc295b-5efbee33 0.010123 0.000000 434.135356 27.288351 491.473260
af7224fc-00000000 0.975856 699.396057 329.249654 748.495026 370.660987
af7224fc-00000000 0.473646 883.777313 349.986413 916.873016 370.264878
af7224fc-00000000 0.423905 0.000000 387.632031 21.296473 472.214570
af7224fc-00000000 0.350533 0.000000 379.137154 17.092621 447.415810
af7224fc-00000000 0.270670 1117.661514 382.395329 1161.286545 404.912152
af7224fc-00000000 0.247001 442.569618 333.481064 466.016273 342.963424
af7224fc-00000000 0.227890 737.453842 328.990896 758.037491 344.729669
af7224fc-00000000 0.225169 876.580505 351.931250 896.157990 364.885697
af7224fc-00000000 0.218037 647.201996 337.259524 665.932159 352.588327
af7224fc-00000000 0.137511 785.429077 316.464357 811.837158 332.039924
af7224fc-00000000 0.134994 307.887936 324.549930 334.192352 339.234316
af7224fc-00000000 0.115394 850.398026 337.435691 865.480118 347.554314
af7224fc-00000000 0.106598 657.010880 334.192793 677.951736 359.493749
af7224fc-00000000 0.094055 573.009682 323.421106 591.756935 335.086355
af7224fc-00000000 0.092787 389.081116 329.816909 408.210602 340.473046
af7224fc-00000000 0.089694 516.589355 330.324683 533.800049 338.781152
af7224fc-00000000 0.058396 254.272060 323.417566 274.757481 333.483832
af7224fc-00000000 0.023579 69.772744 326.131554 85.916700 340.524545
af7224fc-00000000 0.023525 0.000000 445.385184 22.694991 476.856036
af7224fc-00000000 0.022299 754.692764 341.753533 769.280014 358.548710
af7224fc-00000000 0.021870 1121.136398 375.285459 1201.881943 409.489846
af7224fc-00000000 0.017791 859.555359 449.995451 867.530670 456.008921
af7224fc-00000000 0.016903 3.800951 344.697654 21.203709 414.143286
af7224fc-00000000 0.013742 799.937286 460.883760 805.523224 465.231686
af7224fc-00000000 0.013279 1043.375702 367.169609 1277.099915 516.074524
af7224fc-00000000 0.012690 729.902649 456.699986 734.143524 460.207458
af7224fc-00000000 0.012607 1240.271072 384.040618 1269.152908 416.547875
af7224fc-00000000 0.012398 184.335670 325.890992 199.122200 337.814548
af7224fc-00000000 0.011776 27.830346 310.530539 43.460121 329.632330
af7224fc-00000000 0.010451 462.314453 289.193931 480.088806 299.984522
