/nfs/private/light_head_rcnn/experiments/kuangleicar/light_head_rcnn.ori_res101.coco.ps_roialign_singleconv2/log/eval_dump/epoch_11yolo.json:
1.2252356338921893[0.16550810989738496, 5.5773176473359545, 2.010831713683937, 0.4019174041297935, 0.09755124559539101, 0.0, 0.0, 0.05886874355664185, 0.0, 3.9403614747227906]
/nfs/private/light_head_rcnn/experiments/kuangleicar/light_head_rcnn.ori_res101.coco.ps_roialign_singleconv3/log/eval_dump/epoch_11yolo.json:
3.394904752741303[0.5348476998017763, 13.936288401071687, 6.354646176291348, 1.3530097455104764, 0.5318794014814415, 0.638624792663119, 0.044196753428850016, 0.48056996095805027, 0.0, 10.07498459620628]
/nfs/private/light_head_rcnn/experiments/kuangleicar/light_head_rcnn.ori_res101.coco.ps_roialign_singleconv4/log/eval_dump/epoch_11yolo.json:
27.2837916183724[19.091513752962207, 51.339135499537946, 46.31606231978134, 16.908667199286683, 25.47702330513477, 21.144662517356835, 12.624757344791723, 31.910652062131124, 0.0, 48.025442182741415]
/nfs/private/light_head_rcnn/experiments/kuangleicar/light_head_rcnn.ori_res101.coco.ps_roialign_singleconv5/log/eval_dump/epoch_11yolo.json:
27.464689655228767[19.618801293510803, 53.004435736928, 46.401483419204496, 17.1466671227157, 25.406848171808093, 20.47485527196659, 12.49528506483494, 31.77471059328387, 0.0, 48.3238098780352]
/nfs/private/light_head_rcnn/experiments/kuangleicar/light_head_rcnn.ori_res101.coco.ps_roialign_softnms_fpn_singleconv2/log/eval_dump/epoch_11yolo.json:
2.6130339482160014[1.434268148402271, 7.9211643323691305, 7.169218275695657, 2.8145476276058927, 0.5937809729849411, 0.8263930600052493, 0.0, 0.008781555451669228, 0.0, 5.362185509645205]
/nfs/private/light_head_rcnn/experiments/kuangleicar/light_head_rcnn.ori_res101.coco.ps_roialign_softnms_fpn_singleconv3/log/eval_dump/epoch_11yolo.json:
18.766750215417062[7.970374059538327, 45.84087506643539, 42.64041397307583, 9.92430415085417, 12.590623515566508, 11.261761797426665, 3.5004124166931154, 10.945824425916733, 0.0, 42.99291274866388]
/nfs/private/light_head_rcnn/experiments/kuangleicar/light_head_rcnn.ori_res101.coco.ps_roialign_softnms_fpn_singleconv4/log/eval_dump/epoch_11yolo.json:
27.729189654483843[18.928109742539313, 52.30288433897275, 46.45201473639937, 18.443279372397313, 25.346630722913066, 22.492190317191117, 12.524891886987893, 31.83232210453175, 0.0, 48.96957332290588]
/nfs/private/light_head_rcnn/experiments/kuangleicar/light_head_rcnn.ori_res101.coco.ps_roialign_softnms_fpn_singleconv4/log/eval_dump/epoch_11yolo.json:
28.351854744109914[19.74366798503835, 52.69412738282294, 47.49457431645222, 19.209114182205074, 26.006809517546937, 23.127498638400436, 13.220702566594372, 32.60124430862104, 0.0, 49.42080854341777]
/nfs/private/light_head_rcnn/experiments/kuangleicar/light_head_rcnn.ori_res101.coco.ps_roialign_softnms_fpn_singleconv4/log/eval_dump/epoch_11yolosoftnmsGaussian.json:
28.36603020660876[19.93041593736088, 52.477982587468695, 47.10978577187578, 19.26631730981086, 26.203206551678655, 23.08464317924799, 13.396832654289387, 32.89722293912883, 0.0, 49.29389513522649]
/nfs/private/light_head_rcnn/experiments/kuangleicar/light_head_rcnn.ori_res101.coco.ps_roialign_softnms_fpn/log/eval_dump/epoch_3yolo.json:
12.787922727327096[6.156091881636387, 35.957036677035795, 25.36259948393962, 5.515883284289608, 8.93331504551199, 11.645658389976605, 0.11533652333356051, 2.641964301688822, 0.0, 31.55134168585858]
/nfs/private/light_head_rcnn/experiments/kuangleicar/light_head_rcnn.ori_res101.coco.ps_roialign_softnms_fpn_singleconv4v2/log/eval_dump/epoch_11yolo.json:
28.097563084897217[19.67678973194197, 51.35463876451729, 47.37339018829493, 18.739773097926708, 25.965697403806125, 22.426588484722952, 13.252277256934386, 33.09584978115505, 0.0, 49.09062613967276]
/nfs/private/light_head_rcnn/experiments/kuangleicar/light_head_rcnn.ori_res101.coco.ps_roialign_softnms_fpn_singleconv4_5+3/log/eval_dump/epoch_11yolo.json:
28.332596660931067[21.535494832029762, 52.13541981143055, 47.29851367981487, 20.601007417120385, 25.974592049921124, 21.093363218372772, 13.111735007632912, 32.48595954851002, 0.0, 49.08988104447831]
/nfs/private/light_head_rcnn/experiments/kuangleicar/light_head_rcnn.ori_res101.coco.ps_roialign_softnms_fpn/log/eval_dump/epoch_11yolo.json:
15.362440173943634[9.450807931507258, 39.6345785594133, 28.412309004763852, 10.31799012045038, 10.25955681823956, 15.63262904616616, 0.4372956527772095, 3.4421400666983293, 0.0, 36.037094539420295]
